==========================================================================================
Starting Neural Network
Number of Inputs: 27
Number of Hidden Layers: 1
Number of Hidden Nodes: 1
Number of Outputs: 2
Number of Generations: 10000
-------------------------------------------------------------------------------------------
Number of Trained Particles: 4439
~~~~~~~~~~~~~~~~~~~~~~~~~~~~~~~~~~~~~~~~~~~~~~~~~~~~~~~~
Trained Results
Electron Histogram
	0	0	0	0	0	0	0	0	0	0	0	0	0	0	0	0
	0	0	0	0	0	0	0	0	0	0	0	0	0	0	0	0
	0	0	0	0	0	0	0	0	0	0	0	0	0	0	0	0
	0	0	0	0	0	0	0	0	0	0	0	0	0	0	0	0
	0	0	0	0	0	0	0	0	0	0	0	0	0	0	0	0
	0	0	0	0	0	0	0	0	0	0	0	0	0	0	0	0
	0	0	0	0	0	0	0	0	0	0	0	0	0	0	0	0
	0	0	0	0	0	0	0	0	0	0	0	0	0	0	0	0
	0	0	0	0	0	0	0	1612	0	0	0	0	0	0	0	0
	0	0	0	0	0	0	0	0	69	0	0	0	0	0	0	0
	0	0	0	0	0	0	0	0	0	45	0	0	0	0	0	0
	0	0	0	0	0	0	0	0	0	0	35	0	0	0	0	0
	0	0	0	0	0	0	0	0	0	0	0	61	0	0	0	0
	0	0	0	0	0	0	0	0	0	0	0	0	308	0	0	0
	0	0	0	0	0	0	0	0	0	0	0	0	0	0	0	0
	0	0	0	0	0	0	0	0	0	0	0	0	0	0	0	0

Pion Histogram
	0	0	0	0	0	0	0	0	0	0	0	0	0	0	0	0
	0	0	0	0	0	0	0	0	0	0	0	0	0	0	0	0
	0	0	0	0	0	0	0	0	0	0	0	0	0	0	0	0
	0	0	0	0	0	0	0	0	0	0	0	0	0	0	0	0
	0	0	0	0	0	0	0	0	0	0	0	0	0	0	0	0
	0	0	0	0	0	0	0	0	0	0	0	0	0	0	0	0
	0	0	0	0	0	0	0	0	0	0	0	0	0	0	0	0
	0	0	0	0	0	0	0	0	0	0	0	0	0	0	0	0
	0	0	0	0	0	0	0	624	0	0	0	0	0	0	0	0
	0	0	0	0	0	0	0	0	74	0	0	0	0	0	0	0
	0	0	0	0	0	0	0	0	0	55	0	0	0	0	0	0
	0	0	0	0	0	0	0	0	0	0	84	0	0	0	0	0
	0	0	0	0	0	0	0	0	0	0	0	206	0	0	0	0
	0	0	0	0	0	0	0	0	0	0	0	0	1266	0	0	0
	0	0	0	0	0	0	0	0	0	0	0	0	0	0	0	0
	0	0	0	0	0	0	0	0	0	0	0	0	0	0	0	0

Error: 0.651014
Pion Efficiency: 0.451711
~~~~~~~~~~~~~~~~~~~~~~~~~~~~~~~~~~~~~~~~~~~~~~~~~~~~~~~~
Untrained Results
Electron Histogram
	0	0	0	0	0	0	0	0	0	0	0	0	0	0	0	0
	0	0	0	0	0	0	0	0	0	0	0	0	0	0	0	0
	0	0	0	0	0	0	0	0	0	0	0	0	0	0	0	0
	0	0	0	0	0	0	0	0	0	0	0	0	0	0	0	0
	0	0	0	0	0	0	0	0	0	0	0	0	0	0	0	0
	0	0	0	0	0	0	0	0	0	0	0	0	0	0	0	0
	0	0	0	0	0	0	0	0	0	0	0	0	0	0	0	0
	0	0	0	0	0	0	0	0	0	0	0	0	0	0	0	0
	0	0	0	0	0	0	0	407	0	0	0	0	0	0	0	0
	0	0	0	0	0	0	0	0	18	0	0	0	0	0	0	0
	0	0	0	0	0	0	0	0	0	12	0	0	0	0	0	0
	0	0	0	0	0	0	0	0	0	0	11	0	0	0	0	0
	0	0	0	0	0	0	0	0	0	0	0	20	0	0	0	0
	0	0	0	0	0	0	0	0	0	0	0	0	85	0	0	0
	0	0	0	0	0	0	0	0	0	0	0	0	0	0	0	0
	0	0	0	0	0	0	0	0	0	0	0	0	0	0	0	0

Pion Histogram
	0	0	0	0	0	0	0	0	0	0	0	0	0	0	0	0
	0	0	0	0	0	0	0	0	0	0	0	0	0	0	0	0
	0	0	0	0	0	0	0	0	0	0	0	0	0	0	0	0
	0	0	0	0	0	0	0	0	0	0	0	0	0	0	0	0
	0	0	0	0	0	0	0	0	0	0	0	0	0	0	0	0
	0	0	0	0	0	0	0	0	0	0	0	0	0	0	0	0
	0	0	0	0	0	0	0	0	0	0	0	0	0	0	0	0
	0	0	0	0	0	0	0	0	0	0	0	0	0	0	0	0
	0	0	0	0	0	0	0	142	0	0	0	0	0	0	0	0
	0	0	0	0	0	0	0	0	22	0	0	0	0	0	0	0
	0	0	0	0	0	0	0	0	0	16	0	0	0	0	0	0
	0	0	0	0	0	0	0	0	0	0	23	0	0	0	0	0
	0	0	0	0	0	0	0	0	0	0	0	59	0	0	0	0
	0	0	0	0	0	0	0	0	0	0	0	0	295	0	0	0
	0	0	0	0	0	0	0	0	0	0	0	0	0	0	0	0
	0	0	0	0	0	0	0	0	0	0	0	0	0	0	0	0

Error: 0.661536
Pion Efficiency: 0.470377
~~~~~~~~~~~~~~~~~~~~~~~~~~~~~~~~~~~~~~~~~~~~~~~~~~~~~~~~
Combined Results
Electron Histogram
	0	0	0	0	0	0	0	0	0	0	0	0	0	0	0	0
	0	0	0	0	0	0	0	0	0	0	0	0	0	0	0	0
	0	0	0	0	0	0	0	0	0	0	0	0	0	0	0	0
	0	0	0	0	0	0	0	0	0	0	0	0	0	0	0	0
	0	0	0	0	0	0	0	0	0	0	0	0	0	0	0	0
	0	0	0	0	0	0	0	0	0	0	0	0	0	0	0	0
	0	0	0	0	0	0	0	0	0	0	0	0	0	0	0	0
	0	0	0	0	0	0	0	0	0	0	0	0	0	0	0	0
	0	0	0	0	0	0	0	2019	0	0	0	0	0	0	0	0
	0	0	0	0	0	0	0	0	87	0	0	0	0	0	0	0
	0	0	0	0	0	0	0	0	0	57	0	0	0	0	0	0
	0	0	0	0	0	0	0	0	0	0	46	0	0	0	0	0
	0	0	0	0	0	0	0	0	0	0	0	81	0	0	0	0
	0	0	0	0	0	0	0	0	0	0	0	0	393	0	0	0
	0	0	0	0	0	0	0	0	0	0	0	0	0	0	0	0
	0	0	0	0	0	0	0	0	0	0	0	0	0	0	0	0

Pion Histogram
	0	0	0	0	0	0	0	0	0	0	0	0	0	0	0	0
	0	0	0	0	0	0	0	0	0	0	0	0	0	0	0	0
	0	0	0	0	0	0	0	0	0	0	0	0	0	0	0	0
	0	0	0	0	0	0	0	0	0	0	0	0	0	0	0	0
	0	0	0	0	0	0	0	0	0	0	0	0	0	0	0	0
	0	0	0	0	0	0	0	0	0	0	0	0	0	0	0	0
	0	0	0	0	0	0	0	0	0	0	0	0	0	0	0	0
	0	0	0	0	0	0	0	0	0	0	0	0	0	0	0	0
	0	0	0	0	0	0	0	766	0	0	0	0	0	0	0	0
	0	0	0	0	0	0	0	0	96	0	0	0	0	0	0	0
	0	0	0	0	0	0	0	0	0	71	0	0	0	0	0	0
	0	0	0	0	0	0	0	0	0	0	107	0	0	0	0	0
	0	0	0	0	0	0	0	0	0	0	0	265	0	0	0	0
	0	0	0	0	0	0	0	0	0	0	0	0	1561	0	0	0
	0	0	0	0	0	0	0	0	0	0	0	0	0	0	0	0
	0	0	0	0	0	0	0	0	0	0	0	0	0	0	0	0

Error: 0.653129
Pion Efficiency: 0.455338
~~~~~~~~~~~~~~~~~~~~~~~~~~~~~~~~~~~~~~~~~~~~~~~~~~~~~~~~
==========================================================================================
Starting Neural Network
Number of Inputs: 27
Number of Hidden Layers: 1
Number of Hidden Nodes: 1
Number of Outputs: 2
Number of Generations: 10000
-------------------------------------------------------------------------------------------
Number of Trained Particles: 4439
~~~~~~~~~~~~~~~~~~~~~~~~~~~~~~~~~~~~~~~~~~~~~~~~~~~~~~~~
Trained Results
Electron Histogram
	0	0	0	0	0	0	0	0	0	0	0	0	0	0	0	0
	0	0	0	0	0	0	0	0	0	0	0	0	0	0	0	0
	0	0	0	0	0	0	0	0	0	0	0	0	0	0	0	0
	0	0	0	0	0	0	0	0	0	0	0	0	0	0	0	0
	0	0	0	0	0	0	0	0	0	0	0	0	0	0	0	0
	0	0	0	0	0	0	0	0	0	0	0	0	0	0	0	0
	0	0	0	0	0	0	0	0	0	0	0	0	0	0	0	0
	0	0	0	0	0	0	0	0	0	0	0	0	0	0	0	0
	0	0	0	0	0	0	0	1730	0	0	0	0	0	0	0	0
	0	0	0	0	0	0	0	0	51	0	0	0	0	0	0	0
	0	0	0	0	0	0	0	0	0	29	0	0	0	0	0	0
	0	0	0	0	0	0	0	0	0	0	23	0	0	0	0	0
	0	0	0	0	0	0	0	0	0	0	0	48	0	0	0	0
	0	0	0	0	0	0	0	0	0	0	0	0	287	0	0	0
	0	0	0	0	0	0	0	0	0	0	0	0	0	0	0	0
	0	0	0	0	0	0	0	0	0	0	0	0	0	0	0	0

Pion Histogram
	0	0	0	0	0	0	0	0	0	0	0	0	0	0	0	0
	0	0	0	0	0	0	0	0	0	0	0	0	0	0	0	0
	0	0	0	0	0	0	0	0	0	0	0	0	0	0	0	0
	0	0	0	0	0	0	0	0	0	0	0	0	0	0	0	0
	0	0	0	0	0	0	0	0	0	0	0	0	0	0	0	0
	0	0	0	0	0	0	0	0	0	0	0	0	0	0	0	0
	0	0	0	0	0	0	0	0	0	0	0	0	0	0	0	0
	0	0	0	0	0	0	0	0	0	0	0	0	0	0	0	0
	0	0	0	0	0	0	0	698	0	0	0	0	0	0	0	0
	0	0	0	0	0	0	0	0	75	0	0	0	0	0	0	0
	0	0	0	0	0	0	0	0	0	74	0	0	0	0	0	0
	0	0	0	0	0	0	0	0	0	0	83	0	0	0	0	0
	0	0	0	0	0	0	0	0	0	0	0	160	0	0	0	0
	0	0	0	0	0	0	0	0	0	0	0	0	1181	0	0	0
	0	0	0	0	0	0	0	0	0	0	0	0	0	0	0	0
	0	0	0	0	0	0	0	0	0	0	0	0	0	0	0	0

Error: 0.652808
Pion Efficiency: 0.479965
~~~~~~~~~~~~~~~~~~~~~~~~~~~~~~~~~~~~~~~~~~~~~~~~~~~~~~~~
Untrained Results
Electron Histogram
	0	0	0	0	0	0	0	0	0	0	0	0	0	0	0	0
	0	0	0	0	0	0	0	0	0	0	0	0	0	0	0	0
	0	0	0	0	0	0	0	0	0	0	0	0	0	0	0	0
	0	0	0	0	0	0	0	0	0	0	0	0	0	0	0	0
	0	0	0	0	0	0	0	0	0	0	0	0	0	0	0	0
	0	0	0	0	0	0	0	0	0	0	0	0	0	0	0	0
	0	0	0	0	0	0	0	0	0	0	0	0	0	0	0	0
	0	0	0	0	0	0	0	0	0	0	0	0	0	0	0	0
	0	0	0	0	0	0	0	398	0	0	0	0	0	0	0	0
	0	0	0	0	0	0	0	0	14	0	0	0	0	0	0	0
	0	0	0	0	0	0	0	0	0	5	0	0	0	0	0	0
	0	0	0	0	0	0	0	0	0	0	11	0	0	0	0	0
	0	0	0	0	0	0	0	0	0	0	0	10	0	0	0	0
	0	0	0	0	0	0	0	0	0	0	0	0	77	0	0	0
	0	0	0	0	0	0	0	0	0	0	0	0	0	0	0	0
	0	0	0	0	0	0	0	0	0	0	0	0	0	0	0	0

Pion Histogram
	0	0	0	0	0	0	0	0	0	0	0	0	0	0	0	0
	0	0	0	0	0	0	0	0	0	0	0	0	0	0	0	0
	0	0	0	0	0	0	0	0	0	0	0	0	0	0	0	0
	0	0	0	0	0	0	0	0	0	0	0	0	0	0	0	0
	0	0	0	0	0	0	0	0	0	0	0	0	0	0	0	0
	0	0	0	0	0	0	0	0	0	0	0	0	0	0	0	0
	0	0	0	0	0	0	0	0	0	0	0	0	0	0	0	0
	0	0	0	0	0	0	0	0	0	0	0	0	0	0	0	0
	0	0	0	0	0	0	0	187	0	0	0	0	0	0	0	0
	0	0	0	0	0	0	0	0	22	0	0	0	0	0	0	0
	0	0	0	0	0	0	0	0	0	14	0	0	0	0	0	0
	0	0	0	0	0	0	0	0	0	0	30	0	0	0	0	0
	0	0	0	0	0	0	0	0	0	0	0	47	0	0	0	0
	0	0	0	0	0	0	0	0	0	0	0	0	295	0	0	0
	0	0	0	0	0	0	0	0	0	0	0	0	0	0	0	0
	0	0	0	0	0	0	0	0	0	0	0	0	0	0	0	0

Error: 0.652915
Pion Efficiency: 0.504202
~~~~~~~~~~~~~~~~~~~~~~~~~~~~~~~~~~~~~~~~~~~~~~~~~~~~~~~~
Combined Results
Electron Histogram
	0	0	0	0	0	0	0	0	0	0	0	0	0	0	0	0
	0	0	0	0	0	0	0	0	0	0	0	0	0	0	0	0
	0	0	0	0	0	0	0	0	0	0	0	0	0	0	0	0
	0	0	0	0	0	0	0	0	0	0	0	0	0	0	0	0
	0	0	0	0	0	0	0	0	0	0	0	0	0	0	0	0
	0	0	0	0	0	0	0	0	0	0	0	0	0	0	0	0
	0	0	0	0	0	0	0	0	0	0	0	0	0	0	0	0
	0	0	0	0	0	0	0	0	0	0	0	0	0	0	0	0
	0	0	0	0	0	0	0	2128	0	0	0	0	0	0	0	0
	0	0	0	0	0	0	0	0	65	0	0	0	0	0	0	0
	0	0	0	0	0	0	0	0	0	34	0	0	0	0	0	0
	0	0	0	0	0	0	0	0	0	0	34	0	0	0	0	0
	0	0	0	0	0	0	0	0	0	0	0	58	0	0	0	0
	0	0	0	0	0	0	0	0	0	0	0	0	364	0	0	0
	0	0	0	0	0	0	0	0	0	0	0	0	0	0	0	0
	0	0	0	0	0	0	0	0	0	0	0	0	0	0	0	0

Pion Histogram
	0	0	0	0	0	0	0	0	0	0	0	0	0	0	0	0
	0	0	0	0	0	0	0	0	0	0	0	0	0	0	0	0
	0	0	0	0	0	0	0	0	0	0	0	0	0	0	0	0
	0	0	0	0	0	0	0	0	0	0	0	0	0	0	0	0
	0	0	0	0	0	0	0	0	0	0	0	0	0	0	0	0
	0	0	0	0	0	0	0	0	0	0	0	0	0	0	0	0
	0	0	0	0	0	0	0	0	0	0	0	0	0	0	0	0
	0	0	0	0	0	0	0	0	0	0	0	0	0	0	0	0
	0	0	0	0	0	0	0	885	0	0	0	0	0	0	0	0
	0	0	0	0	0	0	0	0	97	0	0	0	0	0	0	0
	0	0	0	0	0	0	0	0	0	88	0	0	0	0	0	0
	0	0	0	0	0	0	0	0	0	0	113	0	0	0	0	0
	0	0	0	0	0	0	0	0	0	0	0	207	0	0	0	0
	0	0	0	0	0	0	0	0	0	0	0	0	1476	0	0	0
	0	0	0	0	0	0	0	0	0	0	0	0	0	0	0	0
	0	0	0	0	0	0	0	0	0	0	0	0	0	0	0	0

Error: 0.652827
Pion Efficiency: 0.484996
~~~~~~~~~~~~~~~~~~~~~~~~~~~~~~~~~~~~~~~~~~~~~~~~~~~~~~~~
==========================================================================================
Starting Neural Network
Number of Inputs: 27
Number of Hidden Layers: 1
Number of Hidden Nodes: 1
Number of Outputs: 2
Number of Generations: 10000
-------------------------------------------------------------------------------------------
Number of Trained Particles: 4439
~~~~~~~~~~~~~~~~~~~~~~~~~~~~~~~~~~~~~~~~~~~~~~~~~~~~~~~~
Trained Results
Electron Histogram
	0	0	0	0	0	0	0	0	0	0	0	0	0	0	0	0
	0	0	0	0	0	0	0	0	0	0	0	0	0	0	0	0
	0	0	0	0	0	0	0	0	0	0	0	0	0	0	0	0
	0	0	909	0	0	0	0	0	0	0	0	0	0	0	0	0
	0	0	0	51	0	0	0	0	0	0	0	0	0	0	0	0
	0	0	0	0	30	0	0	0	0	0	0	0	0	0	0	0
	0	0	0	0	0	39	0	0	0	0	0	0	0	0	0	0
	0	0	0	0	0	0	64	0	0	0	0	0	0	0	0	0
	0	0	0	0	0	0	0	1042	0	0	0	0	0	0	0	0
	0	0	0	0	0	0	0	0	0	0	0	0	0	0	0	0
	0	0	0	0	0	0	0	0	0	0	0	0	0	0	0	0
	0	0	0	0	0	0	0	0	0	0	0	0	0	0	0	0
	0	0	0	0	0	0	0	0	0	0	0	0	0	0	0	0
	0	0	0	0	0	0	0	0	0	0	0	0	0	0	0	0
	0	0	0	0	0	0	0	0	0	0	0	0	0	0	0	0
	0	0	0	0	0	0	0	0	0	0	0	0	0	0	0	0

Pion Histogram
	0	0	0	0	0	0	0	0	0	0	0	0	0	0	0	0
	0	0	0	0	0	0	0	0	0	0	0	0	0	0	0	0
	0	0	0	0	0	0	0	0	0	0	0	0	0	0	0	0
	0	0	170	0	0	0	0	0	0	0	0	0	0	0	0	0
	0	0	0	10	0	0	0	0	0	0	0	0	0	0	0	0
	0	0	0	0	11	0	0	0	0	0	0	0	0	0	0	0
	0	0	0	0	0	12	0	0	0	0	0	0	0	0	0	0
	0	0	0	0	0	0	34	0	0	0	0	0	0	0	0	0
	0	0	0	0	0	0	0	2067	0	0	0	0	0	0	0	0
	0	0	0	0	0	0	0	0	0	0	0	0	0	0	0	0
	0	0	0	0	0	0	0	0	0	0	0	0	0	0	0	0
	0	0	0	0	0	0	0	0	0	0	0	0	0	0	0	0
	0	0	0	0	0	0	0	0	0	0	0	0	0	0	0	0
	0	0	0	0	0	0	0	0	0	0	0	0	0	0	0	0
	0	0	0	0	0	0	0	0	0	0	0	0	0	0	0	0
	0	0	0	0	0	0	0	0	0	0	0	0	0	0	0	0

Error: 0.661165
Pion Efficiency: 0.102865
~~~~~~~~~~~~~~~~~~~~~~~~~~~~~~~~~~~~~~~~~~~~~~~~~~~~~~~~
Untrained Results
Electron Histogram
	0	0	0	0	0	0	0	0	0	0	0	0	0	0	0	0
	0	0	0	0	0	0	0	0	0	0	0	0	0	0	0	0
	0	0	0	0	0	0	0	0	0	0	0	0	0	0	0	0
	0	0	221	0	0	0	0	0	0	0	0	0	0	0	0	0
	0	0	0	13	0	0	0	0	0	0	0	0	0	0	0	0
	0	0	0	0	14	0	0	0	0	0	0	0	0	0	0	0
	0	0	0	0	0	8	0	0	0	0	0	0	0	0	0	0
	0	0	0	0	0	0	13	0	0	0	0	0	0	0	0	0
	0	0	0	0	0	0	0	279	0	0	0	0	0	0	0	0
	0	0	0	0	0	0	0	0	0	0	0	0	0	0	0	0
	0	0	0	0	0	0	0	0	0	0	0	0	0	0	0	0
	0	0	0	0	0	0	0	0	0	0	0	0	0	0	0	0
	0	0	0	0	0	0	0	0	0	0	0	0	0	0	0	0
	0	0	0	0	0	0	0	0	0	0	0	0	0	0	0	0
	0	0	0	0	0	0	0	0	0	0	0	0	0	0	0	0
	0	0	0	0	0	0	0	0	0	0	0	0	0	0	0	0

Pion Histogram
	0	0	0	0	0	0	0	0	0	0	0	0	0	0	0	0
	0	0	0	0	0	0	0	0	0	0	0	0	0	0	0	0
	0	0	0	0	0	0	0	0	0	0	0	0	0	0	0	0
	0	0	44	0	0	0	0	0	0	0	0	0	0	0	0	0
	0	0	0	5	0	0	0	0	0	0	0	0	0	0	0	0
	0	0	0	0	4	0	0	0	0	0	0	0	0	0	0	0
	0	0	0	0	0	5	0	0	0	0	0	0	0	0	0	0
	0	0	0	0	0	0	8	0	0	0	0	0	0	0	0	0
	0	0	0	0	0	0	0	496	0	0	0	0	0	0	0	0
	0	0	0	0	0	0	0	0	0	0	0	0	0	0	0	0
	0	0	0	0	0	0	0	0	0	0	0	0	0	0	0	0
	0	0	0	0	0	0	0	0	0	0	0	0	0	0	0	0
	0	0	0	0	0	0	0	0	0	0	0	0	0	0	0	0
	0	0	0	0	0	0	0	0	0	0	0	0	0	0	0	0
	0	0	0	0	0	0	0	0	0	0	0	0	0	0	0	0
	0	0	0	0	0	0	0	0	0	0	0	0	0	0	0	0

Error: 0.664563
Pion Efficiency: 0.117438
~~~~~~~~~~~~~~~~~~~~~~~~~~~~~~~~~~~~~~~~~~~~~~~~~~~~~~~~
Combined Results
Electron Histogram
	0	0	0	0	0	0	0	0	0	0	0	0	0	0	0	0
	0	0	0	0	0	0	0	0	0	0	0	0	0	0	0	0
	0	0	0	0	0	0	0	0	0	0	0	0	0	0	0	0
	0	0	1130	0	0	0	0	0	0	0	0	0	0	0	0	0
	0	0	0	64	0	0	0	0	0	0	0	0	0	0	0	0
	0	0	0	0	44	0	0	0	0	0	0	0	0	0	0	0
	0	0	0	0	0	47	0	0	0	0	0	0	0	0	0	0
	0	0	0	0	0	0	77	0	0	0	0	0	0	0	0	0
	0	0	0	0	0	0	0	1321	0	0	0	0	0	0	0	0
	0	0	0	0	0	0	0	0	0	0	0	0	0	0	0	0
	0	0	0	0	0	0	0	0	0	0	0	0	0	0	0	0
	0	0	0	0	0	0	0	0	0	0	0	0	0	0	0	0
	0	0	0	0	0	0	0	0	0	0	0	0	0	0	0	0
	0	0	0	0	0	0	0	0	0	0	0	0	0	0	0	0
	0	0	0	0	0	0	0	0	0	0	0	0	0	0	0	0
	0	0	0	0	0	0	0	0	0	0	0	0	0	0	0	0

Pion Histogram
	0	0	0	0	0	0	0	0	0	0	0	0	0	0	0	0
	0	0	0	0	0	0	0	0	0	0	0	0	0	0	0	0
	0	0	0	0	0	0	0	0	0	0	0	0	0	0	0	0
	0	0	214	0	0	0	0	0	0	0	0	0	0	0	0	0
	0	0	0	15	0	0	0	0	0	0	0	0	0	0	0	0
	0	0	0	0	15	0	0	0	0	0	0	0	0	0	0	0
	0	0	0	0	0	17	0	0	0	0	0	0	0	0	0	0
	0	0	0	0	0	0	42	0	0	0	0	0	0	0	0	0
	0	0	0	0	0	0	0	2563	0	0	0	0	0	0	0	0
	0	0	0	0	0	0	0	0	0	0	0	0	0	0	0	0
	0	0	0	0	0	0	0	0	0	0	0	0	0	0	0	0
	0	0	0	0	0	0	0	0	0	0	0	0	0	0	0	0
	0	0	0	0	0	0	0	0	0	0	0	0	0	0	0	0
	0	0	0	0	0	0	0	0	0	0	0	0	0	0	0	0
	0	0	0	0	0	0	0	0	0	0	0	0	0	0	0	0
	0	0	0	0	0	0	0	0	0	0	0	0	0	0	0	0

Error: 0.661844
Pion Efficiency: 0.105722
~~~~~~~~~~~~~~~~~~~~~~~~~~~~~~~~~~~~~~~~~~~~~~~~~~~~~~~~
==========================================================================================
Starting Neural Network
Number of Inputs: 27
Number of Hidden Layers: 1
Number of Hidden Nodes: 2
Number of Outputs: 2
Number of Generations: 10000
-------------------------------------------------------------------------------------------
Number of Trained Particles: 4439
~~~~~~~~~~~~~~~~~~~~~~~~~~~~~~~~~~~~~~~~~~~~~~~~~~~~~~~~
Trained Results
Electron Histogram
	0	0	0	0	0	0	0	0	0	0	0	0	0	0	0	0
	0	0	0	0	0	0	0	0	0	0	0	0	0	0	0	0
	0	0	0	0	0	0	0	0	0	0	0	0	0	0	0	0
	0	0	0	0	0	0	0	0	0	0	0	0	0	0	0	0
	0	0	0	0	0	0	0	0	0	0	0	0	0	0	0	0
	0	0	0	0	0	0	0	0	0	0	0	0	0	0	0	0
	0	0	0	0	0	0	0	0	0	0	0	0	0	0	0	0
	0	0	0	0	0	0	0	0	0	0	0	0	0	0	0	0
	0	0	0	0	0	0	0	1799	0	0	0	0	0	0	0	0
	0	0	0	0	0	0	0	0	83	0	0	0	0	0	0	0
	0	0	0	0	0	0	0	0	0	36	0	0	0	0	0	0
	0	0	0	0	0	0	0	0	0	0	24	0	0	0	0	0
	0	0	0	0	0	0	0	0	0	0	0	13	0	0	0	0
	0	0	0	0	0	0	0	0	0	0	0	0	8	0	0	0
	0	0	0	0	0	0	0	0	0	0	0	0	0	20	0	0
	0	0	0	0	0	0	0	0	0	0	0	0	0	0	42	122

Pion Histogram
	0	0	0	0	0	0	0	0	0	0	0	0	0	0	0	0
	0	0	0	0	0	0	0	0	0	0	0	0	0	0	0	0
	0	0	0	0	0	0	0	0	0	0	0	0	0	0	0	0
	0	0	0	0	0	0	0	0	0	0	0	0	0	0	0	0
	0	0	0	0	0	0	0	0	0	0	0	0	0	0	0	0
	0	0	0	0	0	0	0	0	0	0	0	0	0	0	0	0
	0	0	0	0	0	0	0	0	0	0	0	0	0	0	0	0
	0	0	0	0	0	0	0	0	0	0	0	0	0	0	0	0
	0	0	0	0	0	0	0	872	0	0	0	0	0	0	0	0
	0	0	0	0	0	0	0	0	149	0	0	0	0	0	0	0
	0	0	0	0	0	0	0	0	0	95	0	0	0	0	0	0
	0	0	0	0	0	0	0	0	0	0	55	0	0	0	0	0
	0	0	0	0	0	0	0	0	0	0	0	58	0	0	0	0
	0	0	0	0	0	0	0	0	0	0	0	0	72	0	0	0
	0	0	0	0	0	0	0	0	0	0	0	0	0	72	0	0
	0	0	0	0	0	0	0	0	0	0	0	0	0	0	420	499

Error: 0.659137
Pion Efficiency: 0.486911
~~~~~~~~~~~~~~~~~~~~~~~~~~~~~~~~~~~~~~~~~~~~~~~~~~~~~~~~
Untrained Results
Electron Histogram
	0	0	0	0	0	0	0	0	0	0	0	0	0	0	0	0
	0	0	0	0	0	0	0	0	0	0	0	0	0	0	0	0
	0	0	0	0	0	0	0	0	0	0	0	0	0	0	0	0
	0	0	0	0	0	0	0	0	0	0	0	0	0	0	0	0
	0	0	0	0	0	0	0	0	0	0	0	0	0	0	0	0
	0	0	0	0	0	0	0	0	0	0	0	0	0	0	0	0
	0	0	0	0	0	0	0	0	0	0	0	0	0	0	0	0
	0	0	0	0	0	0	0	0	0	0	0	0	0	0	0	0
	0	0	0	0	0	0	0	419	0	0	0	0	0	0	0	0
	0	0	0	0	0	0	0	0	22	0	0	0	0	0	0	0
	0	0	0	0	0	0	0	0	0	10	0	0	0	0	0	0
	0	0	0	0	0	0	0	0	0	0	5	0	0	0	0	0
	0	0	0	0	0	0	0	0	0	0	0	5	0	0	0	0
	0	0	0	0	0	0	0	0	0	0	0	0	6	0	0	0
	0	0	0	0	0	0	0	0	0	0	0	0	0	5	0	0
	0	0	0	0	0	0	0	0	0	0	0	0	0	0	22	42

Pion Histogram
	0	0	0	0	0	0	0	0	0	0	0	0	0	0	0	0
	0	0	0	0	0	0	0	0	0	0	0	0	0	0	0	0
	0	0	0	0	0	0	0	0	0	0	0	0	0	0	0	0
	0	0	0	0	0	0	0	0	0	0	0	0	0	0	0	0
	0	0	0	0	0	0	0	0	0	0	0	0	0	0	0	0
	0	0	0	0	0	0	0	0	0	0	0	0	0	0	0	0
	0	0	0	0	0	0	0	0	0	0	0	0	0	0	0	0
	0	0	0	0	0	0	0	0	0	0	0	0	0	0	0	0
	0	0	0	0	0	0	0	220	0	0	0	0	0	0	0	0
	0	0	0	0	0	0	0	0	49	0	0	0	0	0	0	0
	0	0	0	0	0	0	0	0	0	26	0	0	0	0	0	0
	0	0	0	0	0	0	0	0	0	0	12	0	0	0	0	0
	0	0	0	0	0	0	0	0	0	0	0	18	0	0	0	0
	0	0	0	0	0	0	0	0	0	0	0	0	14	0	0	0
	0	0	0	0	0	0	0	0	0	0	0	0	0	19	0	0
	0	0	0	0	0	0	0	0	0	0	0	0	0	0	89	127

Error: 0.688482
Pion Efficiency: 0.623693
~~~~~~~~~~~~~~~~~~~~~~~~~~~~~~~~~~~~~~~~~~~~~~~~~~~~~~~~
Combined Results
Electron Histogram
	0	0	0	0	0	0	0	0	0	0	0	0	0	0	0	0
	0	0	0	0	0	0	0	0	0	0	0	0	0	0	0	0
	0	0	0	0	0	0	0	0	0	0	0	0	0	0	0	0
	0	0	0	0	0	0	0	0	0	0	0	0	0	0	0	0
	0	0	0	0	0	0	0	0	0	0	0	0	0	0	0	0
	0	0	0	0	0	0	0	0	0	0	0	0	0	0	0	0
	0	0	0	0	0	0	0	0	0	0	0	0	0	0	0	0
	0	0	0	0	0	0	0	0	0	0	0	0	0	0	0	0
	0	0	0	0	0	0	0	2218	0	0	0	0	0	0	0	0
	0	0	0	0	0	0	0	0	105	0	0	0	0	0	0	0
	0	0	0	0	0	0	0	0	0	46	0	0	0	0	0	0
	0	0	0	0	0	0	0	0	0	0	29	0	0	0	0	0
	0	0	0	0	0	0	0	0	0	0	0	18	0	0	0	0
	0	0	0	0	0	0	0	0	0	0	0	0	14	0	0	0
	0	0	0	0	0	0	0	0	0	0	0	0	0	25	0	0
	0	0	0	0	0	0	0	0	0	0	0	0	0	0	64	164

Pion Histogram
	0	0	0	0	0	0	0	0	0	0	0	0	0	0	0	0
	0	0	0	0	0	0	0	0	0	0	0	0	0	0	0	0
	0	0	0	0	0	0	0	0	0	0	0	0	0	0	0	0
	0	0	0	0	0	0	0	0	0	0	0	0	0	0	0	0
	0	0	0	0	0	0	0	0	0	0	0	0	0	0	0	0
	0	0	0	0	0	0	0	0	0	0	0	0	0	0	0	0
	0	0	0	0	0	0	0	0	0	0	0	0	0	0	0	0
	0	0	0	0	0	0	0	0	0	0	0	0	0	0	0	0
	0	0	0	0	0	0	0	1092	0	0	0	0	0	0	0	0
	0	0	0	0	0	0	0	0	198	0	0	0	0	0	0	0
	0	0	0	0	0	0	0	0	0	121	0	0	0	0	0	0
	0	0	0	0	0	0	0	0	0	0	67	0	0	0	0	0
	0	0	0	0	0	0	0	0	0	0	0	76	0	0	0	0
	0	0	0	0	0	0	0	0	0	0	0	0	86	0	0	0
	0	0	0	0	0	0	0	0	0	0	0	0	0	91	0	0
	0	0	0	0	0	0	0	0	0	0	0	0	0	0	509	626

Error: 0.665111
Pion Efficiency: 0.515701
~~~~~~~~~~~~~~~~~~~~~~~~~~~~~~~~~~~~~~~~~~~~~~~~~~~~~~~~
==========================================================================================
Starting Neural Network
Number of Inputs: 27
Number of Hidden Layers: 1
Number of Hidden Nodes: 2
Number of Outputs: 2
Number of Generations: 10000
-------------------------------------------------------------------------------------------
Number of Trained Particles: 4439
~~~~~~~~~~~~~~~~~~~~~~~~~~~~~~~~~~~~~~~~~~~~~~~~~~~~~~~~
Trained Results
Electron Histogram
	0	0	0	0	0	0	0	0	0	0	0	0	0	0	0	0
	0	0	0	0	0	0	0	0	0	0	0	0	0	0	0	0
	0	0	0	0	0	0	0	0	0	0	0	0	0	0	0	0
	0	0	0	0	0	0	0	0	0	0	0	0	0	0	0	0
	0	0	0	0	0	0	0	0	0	0	0	0	0	0	0	0
	0	0	0	0	0	0	0	0	0	0	0	0	0	0	0	0
	0	0	0	0	0	0	0	0	0	0	0	0	0	0	0	0
	0	0	0	0	0	0	0	0	0	0	0	0	0	0	0	0
	0	0	0	0	0	0	0	1703	0	0	0	0	0	0	0	0
	0	0	0	0	0	0	0	0	62	0	0	0	0	0	0	0
	0	0	0	0	0	0	0	0	0	25	0	0	0	0	0	0
	0	0	0	0	0	0	0	0	0	0	22	0	0	0	0	0
	0	0	0	0	0	0	0	0	0	0	0	52	0	0	0	0
	0	0	0	0	0	0	0	0	0	0	0	0	265	0	0	0
	0	0	0	0	0	0	0	0	0	0	0	0	0	3	0	0
	0	0	0	0	0	0	0	0	0	0	0	0	0	0	2	4

Pion Histogram
	0	0	0	0	0	0	0	0	0	0	0	0	0	0	0	0
	0	0	0	0	0	0	0	0	0	0	0	0	0	0	0	0
	0	0	0	0	0	0	0	0	0	0	0	0	0	0	0	0
	0	0	0	0	0	0	0	0	0	0	0	0	0	0	0	0
	0	0	0	0	0	0	0	0	0	0	0	0	0	0	0	0
	0	0	0	0	0	0	0	0	0	0	0	0	0	0	0	0
	0	0	0	0	0	0	0	0	0	0	0	0	0	0	0	0
	0	0	0	0	0	0	0	0	0	0	0	0	0	0	0	0
	0	0	0	0	0	0	0	714	0	0	0	0	0	0	0	0
	0	0	0	0	0	0	0	0	110	0	0	0	0	0	0	0
	0	0	0	0	0	0	0	0	0	67	0	0	0	0	0	0
	0	0	0	0	0	0	0	0	0	0	80	0	0	0	0	0
	0	0	0	0	0	0	0	0	0	0	0	228	0	0	0	0
	0	0	0	0	0	0	0	0	0	0	0	0	1010	0	0	0
	0	0	0	0	0	0	0	0	0	0	0	0	0	35	0	0
	0	0	0	0	0	0	0	0	0	0	0	0	0	0	42	15

Error: 0.652064
Pion Efficiency: 0.521078
~~~~~~~~~~~~~~~~~~~~~~~~~~~~~~~~~~~~~~~~~~~~~~~~~~~~~~~~
Untrained Results
Electron Histogram
	0	0	0	0	0	0	0	0	0	0	0	0	0	0	0	0
	0	0	0	0	0	0	0	0	0	0	0	0	0	0	0	0
	0	0	0	0	0	0	0	0	0	0	0	0	0	0	0	0
	0	0	0	0	0	0	0	0	0	0	0	0	0	0	0	0
	0	0	0	0	0	0	0	0	0	0	0	0	0	0	0	0
	0	0	0	0	0	0	0	0	0	0	0	0	0	0	0	0
	0	0	0	0	0	0	0	0	0	0	0	0	0	0	0	0
	0	0	0	0	0	0	0	0	0	0	0	0	0	0	0	0
	0	0	0	0	0	0	0	421	0	0	0	0	0	0	0	0
	0	0	0	0	0	0	0	0	16	0	0	0	0	0	0	0
	0	0	0	0	0	0	0	0	0	11	0	0	0	0	0	0
	0	0	0	0	0	0	0	0	0	0	8	0	0	0	0	0
	0	0	0	0	0	0	0	0	0	0	0	26	0	0	0	0
	0	0	0	0	0	0	0	0	0	0	0	0	56	0	0	0
	0	0	0	0	0	0	0	0	0	0	0	0	0	1	0	0
	0	0	0	0	0	0	0	0	0	0	0	0	0	0	4	2

Pion Histogram
	0	0	0	0	0	0	0	0	0	0	0	0	0	0	0	0
	0	0	0	0	0	0	0	0	0	0	0	0	0	0	0	0
	0	0	0	0	0	0	0	0	0	0	0	0	0	0	0	0
	0	0	0	0	0	0	0	0	0	0	0	0	0	0	0	0
	0	0	0	0	0	0	0	0	0	0	0	0	0	0	0	0
	0	0	0	0	0	0	0	0	0	0	0	0	0	0	0	0
	0	0	0	0	0	0	0	0	0	0	0	0	0	0	0	0
	0	0	0	0	0	0	0	0	0	0	0	0	0	0	0	0
	0	0	0	0	0	0	0	166	0	0	0	0	0	0	0	0
	0	0	0	0	0	0	0	0	28	0	0	0	0	0	0	0
	0	0	0	0	0	0	0	0	0	17	0	0	0	0	0	0
	0	0	0	0	0	0	0	0	0	0	34	0	0	0	0	0
	0	0	0	0	0	0	0	0	0	0	0	48	0	0	0	0
	0	0	0	0	0	0	0	0	0	0	0	0	251	0	0	0
	0	0	0	0	0	0	0	0	0	0	0	0	0	7	0	0
	0	0	0	0	0	0	0	0	0	0	0	0	0	0	10	4

Error: 0.659109
Pion Efficiency: 0.518584
~~~~~~~~~~~~~~~~~~~~~~~~~~~~~~~~~~~~~~~~~~~~~~~~~~~~~~~~
Combined Results
Electron Histogram
	0	0	0	0	0	0	0	0	0	0	0	0	0	0	0	0
	0	0	0	0	0	0	0	0	0	0	0	0	0	0	0	0
	0	0	0	0	0	0	0	0	0	0	0	0	0	0	0	0
	0	0	0	0	0	0	0	0	0	0	0	0	0	0	0	0
	0	0	0	0	0	0	0	0	0	0	0	0	0	0	0	0
	0	0	0	0	0	0	0	0	0	0	0	0	0	0	0	0
	0	0	0	0	0	0	0	0	0	0	0	0	0	0	0	0
	0	0	0	0	0	0	0	0	0	0	0	0	0	0	0	0
	0	0	0	0	0	0	0	2124	0	0	0	0	0	0	0	0
	0	0	0	0	0	0	0	0	78	0	0	0	0	0	0	0
	0	0	0	0	0	0	0	0	0	36	0	0	0	0	0	0
	0	0	0	0	0	0	0	0	0	0	30	0	0	0	0	0
	0	0	0	0	0	0	0	0	0	0	0	78	0	0	0	0
	0	0	0	0	0	0	0	0	0	0	0	0	321	0	0	0
	0	0	0	0	0	0	0	0	0	0	0	0	0	4	0	0
	0	0	0	0	0	0	0	0	0	0	0	0	0	0	6	6

Pion Histogram
	0	0	0	0	0	0	0	0	0	0	0	0	0	0	0	0
	0	0	0	0	0	0	0	0	0	0	0	0	0	0	0	0
	0	0	0	0	0	0	0	0	0	0	0	0	0	0	0	0
	0	0	0	0	0	0	0	0	0	0	0	0	0	0	0	0
	0	0	0	0	0	0	0	0	0	0	0	0	0	0	0	0
	0	0	0	0	0	0	0	0	0	0	0	0	0	0	0	0
	0	0	0	0	0	0	0	0	0	0	0	0	0	0	0	0
	0	0	0	0	0	0	0	0	0	0	0	0	0	0	0	0
	0	0	0	0	0	0	0	880	0	0	0	0	0	0	0	0
	0	0	0	0	0	0	0	0	138	0	0	0	0	0	0	0
	0	0	0	0	0	0	0	0	0	84	0	0	0	0	0	0
	0	0	0	0	0	0	0	0	0	0	114	0	0	0	0	0
	0	0	0	0	0	0	0	0	0	0	0	276	0	0	0	0
	0	0	0	0	0	0	0	0	0	0	0	0	1261	0	0	0
	0	0	0	0	0	0	0	0	0	0	0	0	0	42	0	0
	0	0	0	0	0	0	0	0	0	0	0	0	0	0	52	19

Error: 0.65348
Pion Efficiency: 0.520586
~~~~~~~~~~~~~~~~~~~~~~~~~~~~~~~~~~~~~~~~~~~~~~~~~~~~~~~~
==========================================================================================
Starting Neural Network
Number of Inputs: 27
Number of Hidden Layers: 1
Number of Hidden Nodes: 2
Number of Outputs: 2
Number of Generations: 10000
-------------------------------------------------------------------------------------------
Number of Trained Particles: 4439
~~~~~~~~~~~~~~~~~~~~~~~~~~~~~~~~~~~~~~~~~~~~~~~~~~~~~~~~
Trained Results
Electron Histogram
	0	0	0	0	0	0	0	0	0	0	0	0	0	0	0	0
	14	0	0	0	0	0	0	0	0	0	0	0	0	0	0	0
	0	1303	0	0	0	0	0	0	0	0	0	0	0	0	0	0
	0	0	195	0	0	0	0	0	0	0	0	0	0	0	0	0
	0	0	0	47	0	0	0	0	0	0	0	0	0	0	0	0
	0	0	0	0	20	0	0	0	0	0	0	0	0	0	0	0
	0	0	0	0	0	23	0	0	0	0	0	0	0	0	0	0
	0	0	0	0	0	0	26	0	0	0	0	0	0	0	0	0
	0	0	0	0	0	0	0	152	0	0	0	0	0	0	0	0
	0	0	0	0	0	0	0	0	45	0	0	0	0	0	0	0
	0	0	0	0	0	0	0	0	0	29	0	0	0	0	0	0
	0	0	0	0	0	0	0	0	0	0	64	0	0	0	0	0
	0	0	0	0	0	0	0	0	0	0	0	228	0	0	0	0
	0	0	0	0	0	0	0	0	0	0	0	0	0	0	0	0
	0	0	0	0	0	0	0	0	0	0	0	0	0	0	0	0
	0	0	0	0	0	0	0	0	0	0	0	0	0	0	0	0

Pion Histogram
	0	0	0	0	0	0	0	0	0	0	0	0	0	0	0	0
	5	0	0	0	0	0	0	0	0	0	0	0	0	0	0	0
	0	416	0	0	0	0	0	0	0	0	0	0	0	0	0	0
	0	0	101	0	0	0	0	0	0	0	0	0	0	0	0	0
	0	0	0	31	0	0	0	0	0	0	0	0	0	0	0	0
	0	0	0	0	16	0	0	0	0	0	0	0	0	0	0	0
	0	0	0	0	0	22	0	0	0	0	0	0	0	0	0	0
	0	0	0	0	0	0	24	0	0	0	0	0	0	0	0	0
	0	0	0	0	0	0	0	106	0	0	0	0	0	0	0	0
	0	0	0	0	0	0	0	0	62	0	0	0	0	0	0	0
	0	0	0	0	0	0	0	0	0	75	0	0	0	0	0	0
	0	0	0	0	0	0	0	0	0	0	172	0	0	0	0	0
	0	0	0	0	0	0	0	0	0	0	0	1263	0	0	0	0
	0	0	0	0	0	0	0	0	0	0	0	0	0	0	0	0
	0	0	0	0	0	0	0	0	0	0	0	0	0	0	0	0
	0	0	0	0	0	0	0	0	0	0	0	0	0	0	0	0

Error: 0.614195
Pion Efficiency: 0.449193
~~~~~~~~~~~~~~~~~~~~~~~~~~~~~~~~~~~~~~~~~~~~~~~~~~~~~~~~
Untrained Results
Electron Histogram
	0	0	0	0	0	0	0	0	0	0	0	0	0	0	0	0
	0	0	0	0	0	0	0	0	0	0	0	0	0	0	0	0
	0	341	0	0	0	0	0	0	0	0	0	0	0	0	0	0
	0	0	41	0	0	0	0	0	0	0	0	0	0	0	0	0
	0	0	0	13	0	0	0	0	0	0	0	0	0	0	0	0
	0	0	0	0	9	0	0	0	0	0	0	0	0	0	0	0
	0	0	0	0	0	4	0	0	0	0	0	0	0	0	0	0
	0	0	0	0	0	0	3	0	0	0	0	0	0	0	0	0
	0	0	0	0	0	0	0	23	0	0	0	0	0	0	0	0
	0	0	0	0	0	0	0	0	11	0	0	0	0	0	0	0
	0	0	0	0	0	0	0	0	0	12	0	0	0	0	0	0
	0	0	0	0	0	0	0	0	0	0	21	0	0	0	0	0
	0	0	0	0	0	0	0	0	0	0	0	59	0	0	0	0
	0	0	0	0	0	0	0	0	0	0	0	0	0	0	0	0
	0	0	0	0	0	0	0	0	0	0	0	0	0	0	0	0
	0	0	0	0	0	0	0	0	0	0	0	0	0	0	0	0

Pion Histogram
	0	0	0	0	0	0	0	0	0	0	0	0	0	0	0	0
	0	0	0	0	0	0	0	0	0	0	0	0	0	0	0	0
	0	96	0	0	0	0	0	0	0	0	0	0	0	0	0	0
	0	0	28	0	0	0	0	0	0	0	0	0	0	0	0	0
	0	0	0	13	0	0	0	0	0	0	0	0	0	0	0	0
	0	0	0	0	5	0	0	0	0	0	0	0	0	0	0	0
	0	0	0	0	0	2	0	0	0	0	0	0	0	0	0	0
	0	0	0	0	0	0	7	0	0	0	0	0	0	0	0	0
	0	0	0	0	0	0	0	35	0	0	0	0	0	0	0	0
	0	0	0	0	0	0	0	0	16	0	0	0	0	0	0	0
	0	0	0	0	0	0	0	0	0	15	0	0	0	0	0	0
	0	0	0	0	0	0	0	0	0	0	27	0	0	0	0	0
	0	0	0	0	0	0	0	0	0	0	0	329	0	0	0	0
	0	0	0	0	0	0	0	0	0	0	0	0	0	0	0	0
	0	0	0	0	0	0	0	0	0	0	0	0	0	0	0	0
	0	0	0	0	0	0	0	0	0	0	0	0	0	0	0	0

Error: 0.613812
Pion Efficiency: 0.425829
~~~~~~~~~~~~~~~~~~~~~~~~~~~~~~~~~~~~~~~~~~~~~~~~~~~~~~~~
Combined Results
Electron Histogram
	0	0	0	0	0	0	0	0	0	0	0	0	0	0	0	0
	14	0	0	0	0	0	0	0	0	0	0	0	0	0	0	0
	0	1644	0	0	0	0	0	0	0	0	0	0	0	0	0	0
	0	0	236	0	0	0	0	0	0	0	0	0	0	0	0	0
	0	0	0	60	0	0	0	0	0	0	0	0	0	0	0	0
	0	0	0	0	29	0	0	0	0	0	0	0	0	0	0	0
	0	0	0	0	0	27	0	0	0	0	0	0	0	0	0	0
	0	0	0	0	0	0	29	0	0	0	0	0	0	0	0	0
	0	0	0	0	0	0	0	175	0	0	0	0	0	0	0	0
	0	0	0	0	0	0	0	0	56	0	0	0	0	0	0	0
	0	0	0	0	0	0	0	0	0	41	0	0	0	0	0	0
	0	0	0	0	0	0	0	0	0	0	85	0	0	0	0	0
	0	0	0	0	0	0	0	0	0	0	0	287	0	0	0	0
	0	0	0	0	0	0	0	0	0	0	0	0	0	0	0	0
	0	0	0	0	0	0	0	0	0	0	0	0	0	0	0	0
	0	0	0	0	0	0	0	0	0	0	0	0	0	0	0	0

Pion Histogram
	0	0	0	0	0	0	0	0	0	0	0	0	0	0	0	0
	5	0	0	0	0	0	0	0	0	0	0	0	0	0	0	0
	0	512	0	0	0	0	0	0	0	0	0	0	0	0	0	0
	0	0	129	0	0	0	0	0	0	0	0	0	0	0	0	0
	0	0	0	44	0	0	0	0	0	0	0	0	0	0	0	0
	0	0	0	0	21	0	0	0	0	0	0	0	0	0	0	0
	0	0	0	0	0	24	0	0	0	0	0	0	0	0	0	0
	0	0	0	0	0	0	31	0	0	0	0	0	0	0	0	0
	0	0	0	0	0	0	0	141	0	0	0	0	0	0	0	0
	0	0	0	0	0	0	0	0	78	0	0	0	0	0	0	0
	0	0	0	0	0	0	0	0	0	90	0	0	0	0	0	0
	0	0	0	0	0	0	0	0	0	0	199	0	0	0	0	0
	0	0	0	0	0	0	0	0	0	0	0	1592	0	0	0	0
	0	0	0	0	0	0	0	0	0	0	0	0	0	0	0	0
	0	0	0	0	0	0	0	0	0	0	0	0	0	0	0	0
	0	0	0	0	0	0	0	0	0	0	0	0	0	0	0	0

Error: 0.614116
Pion Efficiency: 0.444522
~~~~~~~~~~~~~~~~~~~~~~~~~~~~~~~~~~~~~~~~~~~~~~~~~~~~~~~~
==========================================================================================
Starting Neural Network
Number of Inputs: 27
Number of Hidden Layers: 2
Number of Hidden Nodes: 1
Number of Outputs: 2
Number of Generations: 10000
-------------------------------------------------------------------------------------------
Number of Trained Particles: 4439
~~~~~~~~~~~~~~~~~~~~~~~~~~~~~~~~~~~~~~~~~~~~~~~~~~~~~~~~
Trained Results
Electron Histogram
	0	0	0	0	0	0	0	0	0	0	0	0	0	0	0	0
	0	0	0	0	0	0	0	0	0	0	0	0	0	0	0	0
	0	0	0	0	0	0	0	0	0	0	0	0	0	0	0	0
	0	0	0	0	0	0	0	0	0	0	0	0	0	0	0	0
	0	0	0	0	0	0	0	0	0	0	0	0	0	0	0	0
	0	0	0	0	0	0	0	0	0	0	0	0	0	0	0	0
	0	0	0	0	0	0	0	0	0	0	0	0	0	0	0	0
	0	0	0	0	0	0	0	0	0	0	0	0	0	0	0	0
	0	0	0	0	0	0	0	1721	0	0	0	0	0	0	0	0
	0	0	0	0	0	0	0	0	19	0	0	0	0	0	0	0
	0	0	0	0	0	0	0	0	0	20	0	0	0	0	0	0
	0	0	0	0	0	0	0	0	0	0	18	0	0	0	0	0
	0	0	0	0	0	0	0	0	0	0	0	75	0	0	0	0
	0	0	0	0	0	0	0	0	0	0	0	0	281	0	0	0
	0	0	0	0	0	0	0	0	0	0	0	0	0	0	0	0
	0	0	0	0	0	0	0	0	0	0	0	0	0	0	0	0

Pion Histogram
	0	0	0	0	0	0	0	0	0	0	0	0	0	0	0	0
	0	0	0	0	0	0	0	0	0	0	0	0	0	0	0	0
	0	0	0	0	0	0	0	0	0	0	0	0	0	0	0	0
	0	0	0	0	0	0	0	0	0	0	0	0	0	0	0	0
	0	0	0	0	0	0	0	0	0	0	0	0	0	0	0	0
	0	0	0	0	0	0	0	0	0	0	0	0	0	0	0	0
	0	0	0	0	0	0	0	0	0	0	0	0	0	0	0	0
	0	0	0	0	0	0	0	0	0	0	0	0	0	0	0	0
	0	0	0	0	0	0	0	727	0	0	0	0	0	0	0	0
	0	0	0	0	0	0	0	0	50	0	0	0	0	0	0	0
	0	0	0	0	0	0	0	0	0	49	0	0	0	0	0	0
	0	0	0	0	0	0	0	0	0	0	72	0	0	0	0	0
	0	0	0	0	0	0	0	0	0	0	0	247	0	0	0	0
	0	0	0	0	0	0	0	0	0	0	0	0	1160	0	0	0
	0	0	0	0	0	0	0	0	0	0	0	0	0	0	0	0
	0	0	0	0	0	0	0	0	0	0	0	0	0	0	0	0

Error: 0.651202
Pion Efficiency: 0.496746
~~~~~~~~~~~~~~~~~~~~~~~~~~~~~~~~~~~~~~~~~~~~~~~~~~~~~~~~
Untrained Results
Electron Histogram
	0	0	0	0	0	0	0	0	0	0	0	0	0	0	0	0
	0	0	0	0	0	0	0	0	0	0	0	0	0	0	0	0
	0	0	0	0	0	0	0	0	0	0	0	0	0	0	0	0
	0	0	0	0	0	0	0	0	0	0	0	0	0	0	0	0
	0	0	0	0	0	0	0	0	0	0	0	0	0	0	0	0
	0	0	0	0	0	0	0	0	0	0	0	0	0	0	0	0
	0	0	0	0	0	0	0	0	0	0	0	0	0	0	0	0
	0	0	0	0	0	0	0	0	0	0	0	0	0	0	0	0
	0	0	0	0	0	0	0	435	0	0	0	0	0	0	0	0
	0	0	0	0	0	0	0	0	8	0	0	0	0	0	0	0
	0	0	0	0	0	0	0	0	0	2	0	0	0	0	0	0
	0	0	0	0	0	0	0	0	0	0	6	0	0	0	0	0
	0	0	0	0	0	0	0	0	0	0	0	21	0	0	0	0
	0	0	0	0	0	0	0	0	0	0	0	0	77	0	0	0
	0	0	0	0	0	0	0	0	0	0	0	0	0	0	0	0
	0	0	0	0	0	0	0	0	0	0	0	0	0	0	0	0

Pion Histogram
	0	0	0	0	0	0	0	0	0	0	0	0	0	0	0	0
	0	0	0	0	0	0	0	0	0	0	0	0	0	0	0	0
	0	0	0	0	0	0	0	0	0	0	0	0	0	0	0	0
	0	0	0	0	0	0	0	0	0	0	0	0	0	0	0	0
	0	0	0	0	0	0	0	0	0	0	0	0	0	0	0	0
	0	0	0	0	0	0	0	0	0	0	0	0	0	0	0	0
	0	0	0	0	0	0	0	0	0	0	0	0	0	0	0	0
	0	0	0	0	0	0	0	0	0	0	0	0	0	0	0	0
	0	0	0	0	0	0	0	193	0	0	0	0	0	0	0	0
	0	0	0	0	0	0	0	0	13	0	0	0	0	0	0	0
	0	0	0	0	0	0	0	0	0	8	0	0	0	0	0	0
	0	0	0	0	0	0	0	0	0	0	7	0	0	0	0	0
	0	0	0	0	0	0	0	0	0	0	0	68	0	0	0	0
	0	0	0	0	0	0	0	0	0	0	0	0	272	0	0	0
	0	0	0	0	0	0	0	0	0	0	0	0	0	0	0	0
	0	0	0	0	0	0	0	0	0	0	0	0	0	0	0	0

Error: 0.662261
Pion Efficiency: 0.515152
~~~~~~~~~~~~~~~~~~~~~~~~~~~~~~~~~~~~~~~~~~~~~~~~~~~~~~~~
Combined Results
Electron Histogram
	0	0	0	0	0	0	0	0	0	0	0	0	0	0	0	0
	0	0	0	0	0	0	0	0	0	0	0	0	0	0	0	0
	0	0	0	0	0	0	0	0	0	0	0	0	0	0	0	0
	0	0	0	0	0	0	0	0	0	0	0	0	0	0	0	0
	0	0	0	0	0	0	0	0	0	0	0	0	0	0	0	0
	0	0	0	0	0	0	0	0	0	0	0	0	0	0	0	0
	0	0	0	0	0	0	0	0	0	0	0	0	0	0	0	0
	0	0	0	0	0	0	0	0	0	0	0	0	0	0	0	0
	0	0	0	0	0	0	0	2156	0	0	0	0	0	0	0	0
	0	0	0	0	0	0	0	0	27	0	0	0	0	0	0	0
	0	0	0	0	0	0	0	0	0	22	0	0	0	0	0	0
	0	0	0	0	0	0	0	0	0	0	24	0	0	0	0	0
	0	0	0	0	0	0	0	0	0	0	0	96	0	0	0	0
	0	0	0	0	0	0	0	0	0	0	0	0	358	0	0	0
	0	0	0	0	0	0	0	0	0	0	0	0	0	0	0	0
	0	0	0	0	0	0	0	0	0	0	0	0	0	0	0	0

Pion Histogram
	0	0	0	0	0	0	0	0	0	0	0	0	0	0	0	0
	0	0	0	0	0	0	0	0	0	0	0	0	0	0	0	0
	0	0	0	0	0	0	0	0	0	0	0	0	0	0	0	0
	0	0	0	0	0	0	0	0	0	0	0	0	0	0	0	0
	0	0	0	0	0	0	0	0	0	0	0	0	0	0	0	0
	0	0	0	0	0	0	0	0	0	0	0	0	0	0	0	0
	0	0	0	0	0	0	0	0	0	0	0	0	0	0	0	0
	0	0	0	0	0	0	0	0	0	0	0	0	0	0	0	0
	0	0	0	0	0	0	0	920	0	0	0	0	0	0	0	0
	0	0	0	0	0	0	0	0	63	0	0	0	0	0	0	0
	0	0	0	0	0	0	0	0	0	57	0	0	0	0	0	0
	0	0	0	0	0	0	0	0	0	0	79	0	0	0	0	0
	0	0	0	0	0	0	0	0	0	0	0	315	0	0	0	0
	0	0	0	0	0	0	0	0	0	0	0	0	1432	0	0	0
	0	0	0	0	0	0	0	0	0	0	0	0	0	0	0	0
	0	0	0	0	0	0	0	0	0	0	0	0	0	0	0	0

Error: 0.653427
Pion Efficiency: 0.500349
~~~~~~~~~~~~~~~~~~~~~~~~~~~~~~~~~~~~~~~~~~~~~~~~~~~~~~~~
==========================================================================================
Starting Neural Network
Number of Inputs: 27
Number of Hidden Layers: 2
Number of Hidden Nodes: 1
Number of Outputs: 2
Number of Generations: 10000
-------------------------------------------------------------------------------------------
Number of Trained Particles: 4439
~~~~~~~~~~~~~~~~~~~~~~~~~~~~~~~~~~~~~~~~~~~~~~~~~~~~~~~~
Trained Results
Electron Histogram
	0	0	0	0	0	0	0	0	0	0	0	0	0	0	0	0
	0	0	0	0	0	0	0	0	0	0	0	0	0	0	0	0
	0	0	0	0	0	0	0	0	0	0	0	0	0	0	0	0
	0	0	0	0	0	0	0	0	0	0	0	0	0	0	0	0
	0	0	0	0	0	0	0	0	0	0	0	0	0	0	0	0
	0	0	0	0	0	0	0	0	0	0	0	0	0	0	0	0
	0	0	0	0	0	0	0	0	0	0	0	0	0	0	0	0
	0	0	0	0	0	0	0	0	0	0	0	0	0	0	0	0
	0	0	0	0	0	0	0	1562	0	0	0	0	0	0	0	0
	0	0	0	0	0	0	0	0	36	0	0	0	0	0	0	0
	0	0	0	0	0	0	0	0	0	36	0	0	0	0	0	0
	0	0	0	0	0	0	0	0	0	0	34	0	0	0	0	0
	0	0	0	0	0	0	0	0	0	0	0	474	0	0	0	0
	0	0	0	0	0	0	0	0	0	0	0	0	0	0	0	0
	0	0	0	0	0	0	0	0	0	0	0	0	0	0	0	0
	0	0	0	0	0	0	0	0	0	0	0	0	0	0	0	0

Pion Histogram
	0	0	0	0	0	0	0	0	0	0	0	0	0	0	0	0
	0	0	0	0	0	0	0	0	0	0	0	0	0	0	0	0
	0	0	0	0	0	0	0	0	0	0	0	0	0	0	0	0
	0	0	0	0	0	0	0	0	0	0	0	0	0	0	0	0
	0	0	0	0	0	0	0	0	0	0	0	0	0	0	0	0
	0	0	0	0	0	0	0	0	0	0	0	0	0	0	0	0
	0	0	0	0	0	0	0	0	0	0	0	0	0	0	0	0
	0	0	0	0	0	0	0	0	0	0	0	0	0	0	0	0
	0	0	0	0	0	0	0	565	0	0	0	0	0	0	0	0
	0	0	0	0	0	0	0	0	40	0	0	0	0	0	0	0
	0	0	0	0	0	0	0	0	0	23	0	0	0	0	0	0
	0	0	0	0	0	0	0	0	0	0	51	0	0	0	0	0
	0	0	0	0	0	0	0	0	0	0	0	1618	0	0	0	0
	0	0	0	0	0	0	0	0	0	0	0	0	0	0	0	0
	0	0	0	0	0	0	0	0	0	0	0	0	0	0	0	0
	0	0	0	0	0	0	0	0	0	0	0	0	0	0	0	0

Error: 0.655905
Pion Efficiency: 0.295603
~~~~~~~~~~~~~~~~~~~~~~~~~~~~~~~~~~~~~~~~~~~~~~~~~~~~~~~~
Untrained Results
Electron Histogram
	0	0	0	0	0	0	0	0	0	0	0	0	0	0	0	0
	0	0	0	0	0	0	0	0	0	0	0	0	0	0	0	0
	0	0	0	0	0	0	0	0	0	0	0	0	0	0	0	0
	0	0	0	0	0	0	0	0	0	0	0	0	0	0	0	0
	0	0	0	0	0	0	0	0	0	0	0	0	0	0	0	0
	0	0	0	0	0	0	0	0	0	0	0	0	0	0	0	0
	0	0	0	0	0	0	0	0	0	0	0	0	0	0	0	0
	0	0	0	0	0	0	0	0	0	0	0	0	0	0	0	0
	0	0	0	0	0	0	0	386	0	0	0	0	0	0	0	0
	0	0	0	0	0	0	0	0	9	0	0	0	0	0	0	0
	0	0	0	0	0	0	0	0	0	7	0	0	0	0	0	0
	0	0	0	0	0	0	0	0	0	0	13	0	0	0	0	0
	0	0	0	0	0	0	0	0	0	0	0	126	0	0	0	0
	0	0	0	0	0	0	0	0	0	0	0	0	0	0	0	0
	0	0	0	0	0	0	0	0	0	0	0	0	0	0	0	0
	0	0	0	0	0	0	0	0	0	0	0	0	0	0	0	0

Pion Histogram
	0	0	0	0	0	0	0	0	0	0	0	0	0	0	0	0
	0	0	0	0	0	0	0	0	0	0	0	0	0	0	0	0
	0	0	0	0	0	0	0	0	0	0	0	0	0	0	0	0
	0	0	0	0	0	0	0	0	0	0	0	0	0	0	0	0
	0	0	0	0	0	0	0	0	0	0	0	0	0	0	0	0
	0	0	0	0	0	0	0	0	0	0	0	0	0	0	0	0
	0	0	0	0	0	0	0	0	0	0	0	0	0	0	0	0
	0	0	0	0	0	0	0	0	0	0	0	0	0	0	0	0
	0	0	0	0	0	0	0	147	0	0	0	0	0	0	0	0
	0	0	0	0	0	0	0	0	8	0	0	0	0	0	0	0
	0	0	0	0	0	0	0	0	0	9	0	0	0	0	0	0
	0	0	0	0	0	0	0	0	0	0	6	0	0	0	0	0
	0	0	0	0	0	0	0	0	0	0	0	399	0	0	0	0
	0	0	0	0	0	0	0	0	0	0	0	0	0	0	0	0
	0	0	0	0	0	0	0	0	0	0	0	0	0	0	0	0
	0	0	0	0	0	0	0	0	0	0	0	0	0	0	0	0

Error: 0.663182
Pion Efficiency: 0.29877
~~~~~~~~~~~~~~~~~~~~~~~~~~~~~~~~~~~~~~~~~~~~~~~~~~~~~~~~
Combined Results
Electron Histogram
	0	0	0	0	0	0	0	0	0	0	0	0	0	0	0	0
	0	0	0	0	0	0	0	0	0	0	0	0	0	0	0	0
	0	0	0	0	0	0	0	0	0	0	0	0	0	0	0	0
	0	0	0	0	0	0	0	0	0	0	0	0	0	0	0	0
	0	0	0	0	0	0	0	0	0	0	0	0	0	0	0	0
	0	0	0	0	0	0	0	0	0	0	0	0	0	0	0	0
	0	0	0	0	0	0	0	0	0	0	0	0	0	0	0	0
	0	0	0	0	0	0	0	0	0	0	0	0	0	0	0	0
	0	0	0	0	0	0	0	1948	0	0	0	0	0	0	0	0
	0	0	0	0	0	0	0	0	45	0	0	0	0	0	0	0
	0	0	0	0	0	0	0	0	0	43	0	0	0	0	0	0
	0	0	0	0	0	0	0	0	0	0	47	0	0	0	0	0
	0	0	0	0	0	0	0	0	0	0	0	600	0	0	0	0
	0	0	0	0	0	0	0	0	0	0	0	0	0	0	0	0
	0	0	0	0	0	0	0	0	0	0	0	0	0	0	0	0
	0	0	0	0	0	0	0	0	0	0	0	0	0	0	0	0

Pion Histogram
	0	0	0	0	0	0	0	0	0	0	0	0	0	0	0	0
	0	0	0	0	0	0	0	0	0	0	0	0	0	0	0	0
	0	0	0	0	0	0	0	0	0	0	0	0	0	0	0	0
	0	0	0	0	0	0	0	0	0	0	0	0	0	0	0	0
	0	0	0	0	0	0	0	0	0	0	0	0	0	0	0	0
	0	0	0	0	0	0	0	0	0	0	0	0	0	0	0	0
	0	0	0	0	0	0	0	0	0	0	0	0	0	0	0	0
	0	0	0	0	0	0	0	0	0	0	0	0	0	0	0	0
	0	0	0	0	0	0	0	712	0	0	0	0	0	0	0	0
	0	0	0	0	0	0	0	0	48	0	0	0	0	0	0	0
	0	0	0	0	0	0	0	0	0	32	0	0	0	0	0	0
	0	0	0	0	0	0	0	0	0	0	57	0	0	0	0	0
	0	0	0	0	0	0	0	0	0	0	0	2017	0	0	0	0
	0	0	0	0	0	0	0	0	0	0	0	0	0	0	0	0
	0	0	0	0	0	0	0	0	0	0	0	0	0	0	0	0
	0	0	0	0	0	0	0	0	0	0	0	0	0	0	0	0

Error: 0.657373
Pion Efficiency: 0.296232
~~~~~~~~~~~~~~~~~~~~~~~~~~~~~~~~~~~~~~~~~~~~~~~~~~~~~~~~
==========================================================================================
Starting Neural Network
Number of Inputs: 27
Number of Hidden Layers: 2
Number of Hidden Nodes: 1
Number of Outputs: 2
Number of Generations: 10000
-------------------------------------------------------------------------------------------
Number of Trained Particles: 4439
~~~~~~~~~~~~~~~~~~~~~~~~~~~~~~~~~~~~~~~~~~~~~~~~~~~~~~~~
Trained Results
Electron Histogram
	0	0	0	0	0	0	0	0	0	0	0	0	0	0	0	0
	0	0	0	0	0	0	0	0	0	0	0	0	0	0	0	0
	0	0	0	0	0	0	0	0	0	0	0	0	0	0	0	0
	0	0	0	0	0	0	0	0	0	0	0	0	0	0	0	0
	0	0	0	0	0	0	0	0	0	0	0	0	0	0	0	0
	0	0	0	0	0	0	0	0	0	0	0	0	0	0	0	0
	0	0	0	0	0	0	0	0	0	0	0	0	0	0	0	0
	0	0	0	0	0	0	0	0	0	0	0	0	0	0	0	0
	0	0	0	0	0	0	0	0	0	0	0	0	0	0	0	0
	0	0	0	0	0	0	0	0	0	0	0	0	0	0	0	0
	0	0	0	0	0	0	0	0	0	1716	0	0	0	0	0	0
	0	0	0	0	0	0	0	0	0	0	411	0	0	0	0	0
	0	0	0	0	0	0	0	0	0	0	0	0	0	0	0	0
	0	0	0	0	0	0	0	0	0	0	0	0	0	0	0	0
	0	0	0	0	0	0	0	0	0	0	0	0	0	0	0	0
	0	0	0	0	0	0	0	0	0	0	0	0	0	0	0	0

Pion Histogram
	0	0	0	0	0	0	0	0	0	0	0	0	0	0	0	0
	0	0	0	0	0	0	0	0	0	0	0	0	0	0	0	0
	0	0	0	0	0	0	0	0	0	0	0	0	0	0	0	0
	0	0	0	0	0	0	0	0	0	0	0	0	0	0	0	0
	0	0	0	0	0	0	0	0	0	0	0	0	0	0	0	0
	0	0	0	0	0	0	0	0	0	0	0	0	0	0	0	0
	0	0	0	0	0	0	0	0	0	0	0	0	0	0	0	0
	0	0	0	0	0	0	0	0	0	0	0	0	0	0	0	0
	0	0	0	0	0	0	0	0	0	0	0	0	0	0	0	0
	0	0	0	0	0	0	0	0	0	0	0	0	0	0	0	0
	0	0	0	0	0	0	0	0	0	753	0	0	0	0	0	0
	0	0	0	0	0	0	0	0	0	0	1559	0	0	0	0	0
	0	0	0	0	0	0	0	0	0	0	0	0	0	0	0	0
	0	0	0	0	0	0	0	0	0	0	0	0	0	0	0	0
	0	0	0	0	0	0	0	0	0	0	0	0	0	0	0	0
	0	0	0	0	0	0	0	0	0	0	0	0	0	0	0	0

Error: 0.700746
Pion Efficiency: 0.325692
~~~~~~~~~~~~~~~~~~~~~~~~~~~~~~~~~~~~~~~~~~~~~~~~~~~~~~~~
Untrained Results
Electron Histogram
	0	0	0	0	0	0	0	0	0	0	0	0	0	0	0	0
	0	0	0	0	0	0	0	0	0	0	0	0	0	0	0	0
	0	0	0	0	0	0	0	0	0	0	0	0	0	0	0	0
	0	0	0	0	0	0	0	0	0	0	0	0	0	0	0	0
	0	0	0	0	0	0	0	0	0	0	0	0	0	0	0	0
	0	0	0	0	0	0	0	0	0	0	0	0	0	0	0	0
	0	0	0	0	0	0	0	0	0	0	0	0	0	0	0	0
	0	0	0	0	0	0	0	0	0	0	0	0	0	0	0	0
	0	0	0	0	0	0	0	0	0	0	0	0	0	0	0	0
	0	0	0	0	0	0	0	0	0	0	0	0	0	0	0	0
	0	0	0	0	0	0	0	0	0	451	0	0	0	0	0	0
	0	0	0	0	0	0	0	0	0	0	105	0	0	0	0	0
	0	0	0	0	0	0	0	0	0	0	0	0	0	0	0	0
	0	0	0	0	0	0	0	0	0	0	0	0	0	0	0	0
	0	0	0	0	0	0	0	0	0	0	0	0	0	0	0	0
	0	0	0	0	0	0	0	0	0	0	0	0	0	0	0	0

Pion Histogram
	0	0	0	0	0	0	0	0	0	0	0	0	0	0	0	0
	0	0	0	0	0	0	0	0	0	0	0	0	0	0	0	0
	0	0	0	0	0	0	0	0	0	0	0	0	0	0	0	0
	0	0	0	0	0	0	0	0	0	0	0	0	0	0	0	0
	0	0	0	0	0	0	0	0	0	0	0	0	0	0	0	0
	0	0	0	0	0	0	0	0	0	0	0	0	0	0	0	0
	0	0	0	0	0	0	0	0	0	0	0	0	0	0	0	0
	0	0	0	0	0	0	0	0	0	0	0	0	0	0	0	0
	0	0	0	0	0	0	0	0	0	0	0	0	0	0	0	0
	0	0	0	0	0	0	0	0	0	0	0	0	0	0	0	0
	0	0	0	0	0	0	0	0	0	164	0	0	0	0	0	0
	0	0	0	0	0	0	0	0	0	0	390	0	0	0	0	0
	0	0	0	0	0	0	0	0	0	0	0	0	0	0	0	0
	0	0	0	0	0	0	0	0	0	0	0	0	0	0	0	0
	0	0	0	0	0	0	0	0	0	0	0	0	0	0	0	0
	0	0	0	0	0	0	0	0	0	0	0	0	0	0	0	0

Error: 0.707326
Pion Efficiency: 0.296029
~~~~~~~~~~~~~~~~~~~~~~~~~~~~~~~~~~~~~~~~~~~~~~~~~~~~~~~~
Combined Results
Electron Histogram
	0	0	0	0	0	0	0	0	0	0	0	0	0	0	0	0
	0	0	0	0	0	0	0	0	0	0	0	0	0	0	0	0
	0	0	0	0	0	0	0	0	0	0	0	0	0	0	0	0
	0	0	0	0	0	0	0	0	0	0	0	0	0	0	0	0
	0	0	0	0	0	0	0	0	0	0	0	0	0	0	0	0
	0	0	0	0	0	0	0	0	0	0	0	0	0	0	0	0
	0	0	0	0	0	0	0	0	0	0	0	0	0	0	0	0
	0	0	0	0	0	0	0	0	0	0	0	0	0	0	0	0
	0	0	0	0	0	0	0	0	0	0	0	0	0	0	0	0
	0	0	0	0	0	0	0	0	0	0	0	0	0	0	0	0
	0	0	0	0	0	0	0	0	0	2167	0	0	0	0	0	0
	0	0	0	0	0	0	0	0	0	0	516	0	0	0	0	0
	0	0	0	0	0	0	0	0	0	0	0	0	0	0	0	0
	0	0	0	0	0	0	0	0	0	0	0	0	0	0	0	0
	0	0	0	0	0	0	0	0	0	0	0	0	0	0	0	0
	0	0	0	0	0	0	0	0	0	0	0	0	0	0	0	0

Pion Histogram
	0	0	0	0	0	0	0	0	0	0	0	0	0	0	0	0
	0	0	0	0	0	0	0	0	0	0	0	0	0	0	0	0
	0	0	0	0	0	0	0	0	0	0	0	0	0	0	0	0
	0	0	0	0	0	0	0	0	0	0	0	0	0	0	0	0
	0	0	0	0	0	0	0	0	0	0	0	0	0	0	0	0
	0	0	0	0	0	0	0	0	0	0	0	0	0	0	0	0
	0	0	0	0	0	0	0	0	0	0	0	0	0	0	0	0
	0	0	0	0	0	0	0	0	0	0	0	0	0	0	0	0
	0	0	0	0	0	0	0	0	0	0	0	0	0	0	0	0
	0	0	0	0	0	0	0	0	0	0	0	0	0	0	0	0
	0	0	0	0	0	0	0	0	0	917	0	0	0	0	0	0
	0	0	0	0	0	0	0	0	0	0	1949	0	0	0	0	0
	0	0	0	0	0	0	0	0	0	0	0	0	0	0	0	0
	0	0	0	0	0	0	0	0	0	0	0	0	0	0	0	0
	0	0	0	0	0	0	0	0	0	0	0	0	0	0	0	0
	0	0	0	0	0	0	0	0	0	0	0	0	0	0	0	0

Error: 0.702063
Pion Efficiency: 0.319958
~~~~~~~~~~~~~~~~~~~~~~~~~~~~~~~~~~~~~~~~~~~~~~~~~~~~~~~~
==========================================================================================
Starting Neural Network
Number of Inputs: 27
Number of Hidden Layers: 2
Number of Hidden Nodes: 2
Number of Outputs: 2
Number of Generations: 10000
-------------------------------------------------------------------------------------------
Number of Trained Particles: 4439
~~~~~~~~~~~~~~~~~~~~~~~~~~~~~~~~~~~~~~~~~~~~~~~~~~~~~~~~
Trained Results
Electron Histogram
	0	0	0	0	0	0	0	0	0	0	0	0	0	0	0	0
	0	0	0	0	0	0	0	0	0	0	0	0	0	0	0	0
	0	1161	0	0	0	0	0	0	0	0	0	0	0	0	0	0
	0	0	37	0	0	0	0	0	0	0	0	0	0	0	0	0
	0	0	0	18	0	0	0	0	0	0	0	0	0	0	0	0
	0	0	0	0	13	0	0	0	0	0	0	0	0	0	0	0
	0	0	0	0	0	25	0	0	0	0	0	0	0	0	0	0
	0	0	0	0	0	0	412	0	0	0	0	0	0	0	0	0
	0	0	0	0	0	0	0	58	0	0	0	0	0	0	0	0
	0	0	0	0	0	0	0	0	34	0	0	0	0	0	0	0
	0	0	0	0	0	0	0	0	0	43	0	0	0	0	0	0
	0	0	0	0	0	0	0	0	0	0	74	0	0	0	0	0
	0	0	0	0	0	0	0	0	0	0	0	49	0	0	0	0
	0	0	0	0	0	0	0	0	0	0	0	0	228	0	0	0
	0	0	0	0	0	0	0	0	0	0	0	0	0	0	0	0
	0	0	0	0	0	0	0	0	0	0	0	0	0	0	0	0

Pion Histogram
	0	0	0	0	0	0	0	0	0	0	0	0	0	0	0	0
	0	0	0	0	0	0	0	0	0	0	0	0	0	0	0	0
	0	220	0	0	0	0	0	0	0	0	0	0	0	0	0	0
	0	0	28	0	0	0	0	0	0	0	0	0	0	0	0	0
	0	0	0	16	0	0	0	0	0	0	0	0	0	0	0	0
	0	0	0	0	12	0	0	0	0	0	0	0	0	0	0	0
	0	0	0	0	0	26	0	0	0	0	0	0	0	0	0	0
	0	0	0	0	0	0	344	0	0	0	0	0	0	0	0	0
	0	0	0	0	0	0	0	99	0	0	0	0	0	0	0	0
	0	0	0	0	0	0	0	0	84	0	0	0	0	0	0	0
	0	0	0	0	0	0	0	0	0	85	0	0	0	0	0	0
	0	0	0	0	0	0	0	0	0	0	184	0	0	0	0	0
	0	0	0	0	0	0	0	0	0	0	0	208	0	0	0	0
	0	0	0	0	0	0	0	0	0	0	0	0	981	0	0	0
	0	0	0	0	0	0	0	0	0	0	0	0	0	0	0	0
	0	0	0	0	0	0	0	0	0	0	0	0	0	0	0	0

Error: 0.600279
Pion Efficiency: 0.571054
~~~~~~~~~~~~~~~~~~~~~~~~~~~~~~~~~~~~~~~~~~~~~~~~~~~~~~~~
Untrained Results
Electron Histogram
	0	0	0	0	0	0	0	0	0	0	0	0	0	0	0	0
	0	0	0	0	0	0	0	0	0	0	0	0	0	0	0	0
	0	258	0	0	0	0	0	0	0	0	0	0	0	0	0	0
	0	0	12	0	0	0	0	0	0	0	0	0	0	0	0	0
	0	0	0	4	0	0	0	0	0	0	0	0	0	0	0	0
	0	0	0	0	2	0	0	0	0	0	0	0	0	0	0	0
	0	0	0	0	0	5	0	0	0	0	0	0	0	0	0	0
	0	0	0	0	0	0	124	0	0	0	0	0	0	0	0	0
	0	0	0	0	0	0	0	15	0	0	0	0	0	0	0	0
	0	0	0	0	0	0	0	0	9	0	0	0	0	0	0	0
	0	0	0	0	0	0	0	0	0	11	0	0	0	0	0	0
	0	0	0	0	0	0	0	0	0	0	15	0	0	0	0	0
	0	0	0	0	0	0	0	0	0	0	0	20	0	0	0	0
	0	0	0	0	0	0	0	0	0	0	0	0	56	0	0	0
	0	0	0	0	0	0	0	0	0	0	0	0	0	0	0	0
	0	0	0	0	0	0	0	0	0	0	0	0	0	0	0	0

Pion Histogram
	0	0	0	0	0	0	0	0	0	0	0	0	0	0	0	0
	0	0	0	0	0	0	0	0	0	0	0	0	0	0	0	0
	0	67	0	0	0	0	0	0	0	0	0	0	0	0	0	0
	0	0	7	0	0	0	0	0	0	0	0	0	0	0	0	0
	0	0	0	3	0	0	0	0	0	0	0	0	0	0	0	0
	0	0	0	0	4	0	0	0	0	0	0	0	0	0	0	0
	0	0	0	0	0	3	0	0	0	0	0	0	0	0	0	0
	0	0	0	0	0	0	81	0	0	0	0	0	0	0	0	0
	0	0	0	0	0	0	0	14	0	0	0	0	0	0	0	0
	0	0	0	0	0	0	0	0	17	0	0	0	0	0	0	0
	0	0	0	0	0	0	0	0	0	19	0	0	0	0	0	0
	0	0	0	0	0	0	0	0	0	0	50	0	0	0	0	0
	0	0	0	0	0	0	0	0	0	0	0	57	0	0	0	0
	0	0	0	0	0	0	0	0	0	0	0	0	257	0	0	0
	0	0	0	0	0	0	0	0	0	0	0	0	0	0	0	0
	0	0	0	0	0	0	0	0	0	0	0	0	0	0	0	0

Error: 0.61505
Pion Efficiency: 0.556131
~~~~~~~~~~~~~~~~~~~~~~~~~~~~~~~~~~~~~~~~~~~~~~~~~~~~~~~~
Combined Results
Electron Histogram
	0	0	0	0	0	0	0	0	0	0	0	0	0	0	0	0
	0	0	0	0	0	0	0	0	0	0	0	0	0	0	0	0
	0	1419	0	0	0	0	0	0	0	0	0	0	0	0	0	0
	0	0	49	0	0	0	0	0	0	0	0	0	0	0	0	0
	0	0	0	22	0	0	0	0	0	0	0	0	0	0	0	0
	0	0	0	0	15	0	0	0	0	0	0	0	0	0	0	0
	0	0	0	0	0	30	0	0	0	0	0	0	0	0	0	0
	0	0	0	0	0	0	536	0	0	0	0	0	0	0	0	0
	0	0	0	0	0	0	0	73	0	0	0	0	0	0	0	0
	0	0	0	0	0	0	0	0	43	0	0	0	0	0	0	0
	0	0	0	0	0	0	0	0	0	54	0	0	0	0	0	0
	0	0	0	0	0	0	0	0	0	0	89	0	0	0	0	0
	0	0	0	0	0	0	0	0	0	0	0	69	0	0	0	0
	0	0	0	0	0	0	0	0	0	0	0	0	284	0	0	0
	0	0	0	0	0	0	0	0	0	0	0	0	0	0	0	0
	0	0	0	0	0	0	0	0	0	0	0	0	0	0	0	0

Pion Histogram
	0	0	0	0	0	0	0	0	0	0	0	0	0	0	0	0
	0	0	0	0	0	0	0	0	0	0	0	0	0	0	0	0
	0	287	0	0	0	0	0	0	0	0	0	0	0	0	0	0
	0	0	35	0	0	0	0	0	0	0	0	0	0	0	0	0
	0	0	0	19	0	0	0	0	0	0	0	0	0	0	0	0
	0	0	0	0	16	0	0	0	0	0	0	0	0	0	0	0
	0	0	0	0	0	29	0	0	0	0	0	0	0	0	0	0
	0	0	0	0	0	0	425	0	0	0	0	0	0	0	0	0
	0	0	0	0	0	0	0	113	0	0	0	0	0	0	0	0
	0	0	0	0	0	0	0	0	101	0	0	0	0	0	0	0
	0	0	0	0	0	0	0	0	0	104	0	0	0	0	0	0
	0	0	0	0	0	0	0	0	0	0	234	0	0	0	0	0
	0	0	0	0	0	0	0	0	0	0	0	265	0	0	0	0
	0	0	0	0	0	0	0	0	0	0	0	0	1238	0	0	0
	0	0	0	0	0	0	0	0	0	0	0	0	0	0	0	0
	0	0	0	0	0	0	0	0	0	0	0	0	0	0	0	0

Error: 0.603261
Pion Efficiency: 0.568039
~~~~~~~~~~~~~~~~~~~~~~~~~~~~~~~~~~~~~~~~~~~~~~~~~~~~~~~~
==========================================================================================
Starting Neural Network
Number of Inputs: 27
Number of Hidden Layers: 2
Number of Hidden Nodes: 2
Number of Outputs: 2
Number of Generations: 10000
-------------------------------------------------------------------------------------------
Number of Trained Particles: 4439
~~~~~~~~~~~~~~~~~~~~~~~~~~~~~~~~~~~~~~~~~~~~~~~~~~~~~~~~
Trained Results
Electron Histogram
	0	0	0	0	0	0	0	0	0	0	0	0	0	0	0	0
	0	0	0	0	0	0	0	0	0	0	0	0	0	0	0	0
	0	0	0	0	0	0	0	0	0	0	0	0	0	0	0	0
	0	0	0	0	0	0	0	0	0	0	0	0	0	0	0	0
	0	0	0	1154	0	0	0	0	0	0	0	0	0	0	0	0
	0	0	0	0	29	0	0	0	0	0	0	0	0	0	0	0
	0	0	0	0	0	22	0	0	0	0	0	0	0	0	0	0
	0	0	0	0	0	0	329	0	0	0	0	0	0	0	0	0
	0	0	0	0	0	0	0	156	0	0	0	0	0	0	0	0
	0	0	0	0	0	0	0	0	41	0	0	0	0	0	0	0
	0	0	0	0	0	0	0	0	0	64	0	0	0	0	0	0
	0	0	0	0	0	0	0	0	0	0	91	0	0	0	0	0
	0	0	0	0	0	0	0	0	0	0	0	264	0	0	0	0
	0	0	0	0	0	0	0	0	0	0	0	0	0	0	0	0
	0	0	0	0	0	0	0	0	0	0	0	0	0	0	0	0
	0	0	0	0	0	0	0	0	0	0	0	0	0	0	0	0

Pion Histogram
	0	0	0	0	0	0	0	0	0	0	0	0	0	0	0	0
	0	0	0	0	0	0	0	0	0	0	0	0	0	0	0	0
	0	0	0	0	0	0	0	0	0	0	0	0	0	0	0	0
	0	0	0	0	0	0	0	0	0	0	0	0	0	0	0	0
	0	0	0	239	0	0	0	0	0	0	0	0	0	0	0	0
	0	0	0	0	11	0	0	0	0	0	0	0	0	0	0	0
	0	0	0	0	0	29	0	0	0	0	0	0	0	0	0	0
	0	0	0	0	0	0	247	0	0	0	0	0	0	0	0	0
	0	0	0	0	0	0	0	168	0	0	0	0	0	0	0	0
	0	0	0	0	0	0	0	0	61	0	0	0	0	0	0	0
	0	0	0	0	0	0	0	0	0	144	0	0	0	0	0	0
	0	0	0	0	0	0	0	0	0	0	241	0	0	0	0	0
	0	0	0	0	0	0	0	0	0	0	0	1149	0	0	0	0
	0	0	0	0	0	0	0	0	0	0	0	0	0	0	0	0
	0	0	0	0	0	0	0	0	0	0	0	0	0	0	0	0
	0	0	0	0	0	0	0	0	0	0	0	0	0	0	0	0

Error: 0.600231
Pion Efficiency: 0.498034
~~~~~~~~~~~~~~~~~~~~~~~~~~~~~~~~~~~~~~~~~~~~~~~~~~~~~~~~
Untrained Results
Electron Histogram
	0	0	0	0	0	0	0	0	0	0	0	0	0	0	0	0
	0	0	0	0	0	0	0	0	0	0	0	0	0	0	0	0
	0	0	0	0	0	0	0	0	0	0	0	0	0	0	0	0
	0	0	0	0	0	0	0	0	0	0	0	0	0	0	0	0
	0	0	0	310	0	0	0	0	0	0	0	0	0	0	0	0
	0	0	0	0	3	0	0	0	0	0	0	0	0	0	0	0
	0	0	0	0	0	2	0	0	0	0	0	0	0	0	0	0
	0	0	0	0	0	0	83	0	0	0	0	0	0	0	0	0
	0	0	0	0	0	0	0	34	0	0	0	0	0	0	0	0
	0	0	0	0	0	0	0	0	5	0	0	0	0	0	0	0
	0	0	0	0	0	0	0	0	0	16	0	0	0	0	0	0
	0	0	0	0	0	0	0	0	0	0	16	0	0	0	0	0
	0	0	0	0	0	0	0	0	0	0	0	64	0	0	0	0
	0	0	0	0	0	0	0	0	0	0	0	0	0	0	0	0
	0	0	0	0	0	0	0	0	0	0	0	0	0	0	0	0
	0	0	0	0	0	0	0	0	0	0	0	0	0	0	0	0

Pion Histogram
	0	0	0	0	0	0	0	0	0	0	0	0	0	0	0	0
	0	0	0	0	0	0	0	0	0	0	0	0	0	0	0	0
	0	0	0	0	0	0	0	0	0	0	0	0	0	0	0	0
	0	0	0	0	0	0	0	0	0	0	0	0	0	0	0	0
	0	0	0	72	0	0	0	0	0	0	0	0	0	0	0	0
	0	0	0	0	3	0	0	0	0	0	0	0	0	0	0	0
	0	0	0	0	0	7	0	0	0	0	0	0	0	0	0	0
	0	0	0	0	0	0	65	0	0	0	0	0	0	0	0	0
	0	0	0	0	0	0	0	40	0	0	0	0	0	0	0	0
	0	0	0	0	0	0	0	0	10	0	0	0	0	0	0	0
	0	0	0	0	0	0	0	0	0	23	0	0	0	0	0	0
	0	0	0	0	0	0	0	0	0	0	56	0	0	0	0	0
	0	0	0	0	0	0	0	0	0	0	0	301	0	0	0	0
	0	0	0	0	0	0	0	0	0	0	0	0	0	0	0	0
	0	0	0	0	0	0	0	0	0	0	0	0	0	0	0	0
	0	0	0	0	0	0	0	0	0	0	0	0	0	0	0	0

Error: 0.598664
Pion Efficiency: 0.478336
~~~~~~~~~~~~~~~~~~~~~~~~~~~~~~~~~~~~~~~~~~~~~~~~~~~~~~~~
Combined Results
Electron Histogram
	0	0	0	0	0	0	0	0	0	0	0	0	0	0	0	0
	0	0	0	0	0	0	0	0	0	0	0	0	0	0	0	0
	0	0	0	0	0	0	0	0	0	0	0	0	0	0	0	0
	0	0	0	0	0	0	0	0	0	0	0	0	0	0	0	0
	0	0	0	1464	0	0	0	0	0	0	0	0	0	0	0	0
	0	0	0	0	32	0	0	0	0	0	0	0	0	0	0	0
	0	0	0	0	0	24	0	0	0	0	0	0	0	0	0	0
	0	0	0	0	0	0	412	0	0	0	0	0	0	0	0	0
	0	0	0	0	0	0	0	190	0	0	0	0	0	0	0	0
	0	0	0	0	0	0	0	0	46	0	0	0	0	0	0	0
	0	0	0	0	0	0	0	0	0	80	0	0	0	0	0	0
	0	0	0	0	0	0	0	0	0	0	107	0	0	0	0	0
	0	0	0	0	0	0	0	0	0	0	0	328	0	0	0	0
	0	0	0	0	0	0	0	0	0	0	0	0	0	0	0	0
	0	0	0	0	0	0	0	0	0	0	0	0	0	0	0	0
	0	0	0	0	0	0	0	0	0	0	0	0	0	0	0	0

Pion Histogram
	0	0	0	0	0	0	0	0	0	0	0	0	0	0	0	0
	0	0	0	0	0	0	0	0	0	0	0	0	0	0	0	0
	0	0	0	0	0	0	0	0	0	0	0	0	0	0	0	0
	0	0	0	0	0	0	0	0	0	0	0	0	0	0	0	0
	0	0	0	311	0	0	0	0	0	0	0	0	0	0	0	0
	0	0	0	0	14	0	0	0	0	0	0	0	0	0	0	0
	0	0	0	0	0	36	0	0	0	0	0	0	0	0	0	0
	0	0	0	0	0	0	312	0	0	0	0	0	0	0	0	0
	0	0	0	0	0	0	0	208	0	0	0	0	0	0	0	0
	0	0	0	0	0	0	0	0	71	0	0	0	0	0	0	0
	0	0	0	0	0	0	0	0	0	167	0	0	0	0	0	0
	0	0	0	0	0	0	0	0	0	0	297	0	0	0	0	0
	0	0	0	0	0	0	0	0	0	0	0	1450	0	0	0	0
	0	0	0	0	0	0	0	0	0	0	0	0	0	0	0	0
	0	0	0	0	0	0	0	0	0	0	0	0	0	0	0	0
	0	0	0	0	0	0	0	0	0	0	0	0	0	0	0	0

Error: 0.599918
Pion Efficiency: 0.494068
~~~~~~~~~~~~~~~~~~~~~~~~~~~~~~~~~~~~~~~~~~~~~~~~~~~~~~~~
==========================================================================================
Starting Neural Network
Number of Inputs: 27
Number of Hidden Layers: 2
Number of Hidden Nodes: 2
Number of Outputs: 2
Number of Generations: 10000
-------------------------------------------------------------------------------------------
Number of Trained Particles: 4439
~~~~~~~~~~~~~~~~~~~~~~~~~~~~~~~~~~~~~~~~~~~~~~~~~~~~~~~~
Trained Results
Electron Histogram
	0	0	0	0	0	0	0	0	0	0	0	0	0	0	0	0
	0	0	0	0	0	0	0	0	0	0	0	0	0	0	0	0
	0	0	0	0	0	0	0	0	0	0	0	0	0	0	0	0
	0	0	0	0	0	0	0	0	0	0	0	0	0	0	0	0
	0	0	0	0	0	0	0	0	0	0	0	0	0	0	0	0
	0	0	0	0	0	0	0	0	0	0	0	0	0	0	0	0
	0	0	0	0	0	0	0	0	0	0	0	0	0	0	0	0
	0	0	0	0	0	0	0	0	0	0	0	0	0	0	0	0
	0	0	0	0	0	0	0	1936	0	0	0	0	0	0	0	0
	0	0	0	0	0	0	0	0	18	0	0	0	0	0	0	0
	0	0	0	0	0	0	0	0	0	6	0	0	0	0	0	0
	0	0	0	0	0	0	0	0	0	0	4	0	0	0	0	0
	0	0	0	0	0	0	0	0	0	0	0	9	0	0	0	0
	0	0	0	0	0	0	0	0	0	0	0	0	24	0	0	0
	0	0	0	0	0	0	0	0	0	0	0	0	0	142	0	0
	0	0	0	0	0	0	0	0	0	0	0	0	0	0	0	0

Pion Histogram
	0	0	0	0	0	0	0	0	0	0	0	0	0	0	0	0
	0	0	0	0	0	0	0	0	0	0	0	0	0	0	0	0
	0	0	0	0	0	0	0	0	0	0	0	0	0	0	0	0
	0	0	0	0	0	0	0	0	0	0	0	0	0	0	0	0
	0	0	0	0	0	0	0	0	0	0	0	0	0	0	0	0
	0	0	0	0	0	0	0	0	0	0	0	0	0	0	0	0
	0	0	0	0	0	0	0	0	0	0	0	0	0	0	0	0
	0	0	0	0	0	0	0	0	0	0	0	0	0	0	0	0
	0	0	0	0	0	0	0	992	0	0	0	0	0	0	0	0
	0	0	0	0	0	0	0	0	51	0	0	0	0	0	0	0
	0	0	0	0	0	0	0	0	0	46	0	0	0	0	0	0
	0	0	0	0	0	0	0	0	0	0	40	0	0	0	0	0
	0	0	0	0	0	0	0	0	0	0	0	43	0	0	0	0
	0	0	0	0	0	0	0	0	0	0	0	0	101	0	0	0
	0	0	0	0	0	0	0	0	0	0	0	0	0	1027	0	0
	0	0	0	0	0	0	0	0	0	0	0	0	0	0	0	0

Error: 0.641588
Pion Efficiency: 0
~~~~~~~~~~~~~~~~~~~~~~~~~~~~~~~~~~~~~~~~~~~~~~~~~~~~~~~~
Untrained Results
Electron Histogram
	0	0	0	0	0	0	0	0	0	0	0	0	0	0	0	0
	0	0	0	0	0	0	0	0	0	0	0	0	0	0	0	0
	0	0	0	0	0	0	0	0	0	0	0	0	0	0	0	0
	0	0	0	0	0	0	0	0	0	0	0	0	0	0	0	0
	0	0	0	0	0	0	0	0	0	0	0	0	0	0	0	0
	0	0	0	0	0	0	0	0	0	0	0	0	0	0	0	0
	0	0	0	0	0	0	0	0	0	0	0	0	0	0	0	0
	0	0	0	0	0	0	0	0	0	0	0	0	0	0	0	0
	0	0	0	0	0	0	0	486	0	0	0	0	0	0	0	0
	0	0	0	0	0	0	0	0	6	0	0	0	0	0	0	0
	0	0	0	0	0	0	0	0	0	3	0	0	0	0	0	0
	0	0	0	0	0	0	0	0	0	0	1	0	0	0	0	0
	0	0	0	0	0	0	0	0	0	0	0	5	0	0	0	0
	0	0	0	0	0	0	0	0	0	0	0	0	2	0	0	0
	0	0	0	0	0	0	0	0	0	0	0	0	0	41	0	0
	0	0	0	0	0	0	0	0	0	0	0	0	0	0	0	0

Pion Histogram
	0	0	0	0	0	0	0	0	0	0	0	0	0	0	0	0
	0	0	0	0	0	0	0	0	0	0	0	0	0	0	0	0
	0	0	0	0	0	0	0	0	0	0	0	0	0	0	0	0
	0	0	0	0	0	0	0	0	0	0	0	0	0	0	0	0
	0	0	0	0	0	0	0	0	0	0	0	0	0	0	0	0
	0	0	0	0	0	0	0	0	0	0	0	0	0	0	0	0
	0	0	0	0	0	0	0	0	0	0	0	0	0	0	0	0
	0	0	0	0	0	0	0	0	0	0	0	0	0	0	0	0
	0	0	0	0	0	0	0	261	0	0	0	0	0	0	0	0
	0	0	0	0	0	0	0	0	15	0	0	0	0	0	0	0
	0	0	0	0	0	0	0	0	0	3	0	0	0	0	0	0
	0	0	0	0	0	0	0	0	0	0	9	0	0	0	0	0
	0	0	0	0	0	0	0	0	0	0	0	13	0	0	0	0
	0	0	0	0	0	0	0	0	0	0	0	0	25	0	0	0
	0	0	0	0	0	0	0	0	0	0	0	0	0	240	0	0
	0	0	0	0	0	0	0	0	0	0	0	0	0	0	0	0

Error: 0.651018
Pion Efficiency: 0.461131
~~~~~~~~~~~~~~~~~~~~~~~~~~~~~~~~~~~~~~~~~~~~~~~~~~~~~~~~
Combined Results
Electron Histogram
	0	0	0	0	0	0	0	0	0	0	0	0	0	0	0	0
	0	0	0	0	0	0	0	0	0	0	0	0	0	0	0	0
	0	0	0	0	0	0	0	0	0	0	0	0	0	0	0	0
	0	0	0	0	0	0	0	0	0	0	0	0	0	0	0	0
	0	0	0	0	0	0	0	0	0	0	0	0	0	0	0	0
	0	0	0	0	0	0	0	0	0	0	0	0	0	0	0	0
	0	0	0	0	0	0	0	0	0	0	0	0	0	0	0	0
	0	0	0	0	0	0	0	0	0	0	0	0	0	0	0	0
	0	0	0	0	0	0	0	2422	0	0	0	0	0	0	0	0
	0	0	0	0	0	0	0	0	24	0	0	0	0	0	0	0
	0	0	0	0	0	0	0	0	0	9	0	0	0	0	0	0
	0	0	0	0	0	0	0	0	0	0	5	0	0	0	0	0
	0	0	0	0	0	0	0	0	0	0	0	14	0	0	0	0
	0	0	0	0	0	0	0	0	0	0	0	0	26	0	0	0
	0	0	0	0	0	0	0	0	0	0	0	0	0	183	0	0
	0	0	0	0	0	0	0	0	0	0	0	0	0	0	0	0

Pion Histogram
	0	0	0	0	0	0	0	0	0	0	0	0	0	0	0	0
	0	0	0	0	0	0	0	0	0	0	0	0	0	0	0	0
	0	0	0	0	0	0	0	0	0	0	0	0	0	0	0	0
	0	0	0	0	0	0	0	0	0	0	0	0	0	0	0	0
	0	0	0	0	0	0	0	0	0	0	0	0	0	0	0	0
	0	0	0	0	0	0	0	0	0	0	0	0	0	0	0	0
	0	0	0	0	0	0	0	0	0	0	0	0	0	0	0	0
	0	0	0	0	0	0	0	0	0	0	0	0	0	0	0	0
	0	0	0	0	0	0	0	1253	0	0	0	0	0	0	0	0
	0	0	0	0	0	0	0	0	66	0	0	0	0	0	0	0
	0	0	0	0	0	0	0	0	0	49	0	0	0	0	0	0
	0	0	0	0	0	0	0	0	0	0	49	0	0	0	0	0
	0	0	0	0	0	0	0	0	0	0	0	56	0	0	0	0
	0	0	0	0	0	0	0	0	0	0	0	0	126	0	0	0
	0	0	0	0	0	0	0	0	0	0	0	0	0	1267	0	0
	0	0	0	0	0	0	0	0	0	0	0	0	0	0	0	0

Error: 0.643487
Pion Efficiency: 0
~~~~~~~~~~~~~~~~~~~~~~~~~~~~~~~~~~~~~~~~~~~~~~~~~~~~~~~~
